1 0.4552083333333333 0.5768518518518518 0.008333333333333333 0.02777777777777778
1 0.45729166666666665 0.5620370370370371 0.00625 0.024074074074074074
1 0.35703125 0.4324074074074074 0.008854166666666666 0.020370370370370372
1 0.42343749999999997 0.41620370370370374 0.008333333333333333 0.02314814814814815
1 0.41953124999999997 0.41620370370370374 0.0078125 0.026851851851851852
1 0.4427083333333333 0.32685185185185184 0.008333333333333333 0.024074074074074074
1 0.5484375 0.3680555555555556 0.008333333333333333 0.026851851851851852
1 0.6072916666666667 0.3976851851851852 0.008333333333333333 0.026851851851851852
1 0.36666666666666664 0.2712962962962963 0.008333333333333333 0.02592592592592593
1 0.17135416666666667 0.2162037037037037 0.005208333333333333 0.02314814814814815
1 0.175 0.22037037037037038 0.005208333333333333 0.016666666666666666
9 0.42265625 0.42453703703703705 0.015104166666666667 0.025
9 0.7283854166666667 0.4328703703703704 0.0109375 0.026851851851851852
9 0.7703125 0.3800925925925926 0.008333333333333333 0.021296296296296296
1 0.7325520833333333 0.36435185185185187 0.009895833333333333 0.02314814814814815
1 0.7450520833333333 0.3703703703703704 0.0078125 0.024074074074074074
1 0.83671875 0.40740740740740744 0.008854166666666666 0.018518518518518517
1 0.8424479166666666 0.4046296296296297 0.005729166666666666 0.016666666666666666
1 0.83359375 0.40231481481481485 0.005729166666666666 0.02314814814814815
1 0.8380208333333333 0.39722222222222225 0.005208333333333333 0.020370370370370372
1 0.8596354166666667 0.4703703703703704 0.0078125 0.02592592592592593
9 0.65703125 0.3574074074074074 0.0067708333333333336 0.024074074074074074
1 0.6859375 0.34953703703703703 0.008333333333333333 0.021296296296296296
1 0.6893229166666667 0.34861111111111115 0.005729166666666666 0.025
0 0.5557291666666666 0.30324074074074076 0.00625 0.026851851851851852
9 0.5890625 0.26481481481481484 0.009375 0.02592592592592593
1 0.5893229166666667 0.2574074074074074 0.0078125 0.024074074074074074
1 0.5997395833333333 0.23333333333333334 0.0067708333333333336 0.02592592592592593
0 0.59921875 0.23842592592592593 0.009895833333333333 0.025
9 0.44244791666666666 0.3337962962962963 0.015104166666666667 0.02314814814814815
9 0.5098958333333333 0.3092592592592593 0.009375 0.02592592592592593
9 0.17109375 0.22222222222222224 0.011979166666666666 0.018518518518518517
9 0.21770833333333334 0.20601851851851852 0.0125 0.02314814814814815
9 0.28203125 0.22592592592592595 0.009895833333333333 0.024074074074074074
9 0.2903645833333333 0.21064814814814817 0.011979166666666666 0.017592592592592594
9 0.21380208333333334 0.16481481481481483 0.013020833333333334 0.018518518518518517
1 0.14713541666666666 0.15787037037037038 0.0046875 0.02314814814814815
9 0.0140625 0.15972222222222224 0.013541666666666667 0.019444444444444445
1 0.013802083333333333 0.15555555555555556 0.0078125 0.024074074074074074
9 0.04973958333333333 0.17037037037037037 0.0109375 0.022222222222222223
1 0.04921875 0.16898148148148148 0.005729166666666666 0.019444444444444445
9 0.4044270833333333 0.27685185185185185 0.008854166666666666 0.024074074074074074
9 0.38645833333333335 0.2652777777777778 0.009375 0.019444444444444445
9 0.3390625 0.24675925925925926 0.013541666666666667 0.021296296296296296
9 0.3208333333333333 0.23842592592592593 0.00625 0.021296296296296296
0 0.38359375 0.2300925925925926 0.005729166666666666 0.02314814814814815
0 0.44114583333333335 0.24814814814814815 0.004166666666666667 0.020370370370370372
