3 0.5692708333333333 0.41574074074074074 0.019791666666666666 0.031481481481481485
3 0.49322916666666666 0.4277777777777778 0.019791666666666666 0.037037037037037035
1 0.5333333333333333 0.6527777777777778 0.010416666666666666 0.031481481481481485
9 0.5333333333333333 0.6685185185185185 0.008333333333333333 0.037037037037037035
1 0.4067708333333333 0.612037037037037 0.011458333333333333 0.031481481481481485
1 0.4140625 0.612037037037037 0.009375 0.03888888888888889
0 0.4359375 0.6101851851851852 0.009375 0.04259259259259259
3 0.4223958333333333 0.47314814814814815 0.02395833333333333 0.05
3 0.4270833333333333 0.4518518518518519 0.022916666666666665 0.044444444444444446
3 0.4348958333333333 0.4287037037037037 0.02395833333333333 0.04259259259259259
1 0.4505208333333333 0.5305555555555556 0.007291666666666667 0.02777777777777778
1 0.5151041666666667 0.5092592592592593 0.007291666666666667 0.02592592592592593
1 0.45208333333333334 0.4703703703703704 0.00625 0.018518518518518517
9 0.5151041666666667 0.5222222222222223 0.011458333333333333 0.02592592592592593
9 0.4505208333333333 0.5472222222222223 0.007291666666666667 0.02777777777777778
9 0.45260416666666664 0.4851851851851852 0.007291666666666667 0.018518518518518517
7 0.5265625 0.5657407407407408 0.017708333333333333 0.05
6 0.4348958333333333 0.5175925925925926 0.015625 0.03518518518518519
1 0.1765625 0.5166666666666667 0.011458333333333333 0.02592592592592593
0 0.1796875 0.49722222222222223 0.011458333333333333 0.03888888888888889
0 0.7145833333333333 0.875 0.022916666666666665 0.0462962962962963
