0 0.7390625 0.33796296296296297 0.005208333333333333 0.020370370370370372
0 0.7135416666666666 0.34351851851851856 0.004166666666666667 0.024074074074074074
0 0.7098958333333333 0.34444444444444444 0.005208333333333333 0.02592592592592593
1 0.66875 0.3425925925925926 0.004166666666666667 0.014814814814814815
1 0.665625 0.3453703703703704 0.004166666666666667 0.009259259259259259
9 0.6671875 0.35370370370370374 0.007291666666666667 0.011111111111111112
6 0.6151041666666667 0.36388888888888893 0.017708333333333333 0.024074074074074074
6 0.5979166666666667 0.37777777777777777 0.022916666666666665 0.02962962962962963
1 0.5895833333333333 0.3675925925925926 0.00625 0.016666666666666666
1 0.9135416666666667 0.3685185185185185 0.008333333333333333 0.02592592592592593
1 0.8947916666666667 0.3907407407407408 0.008333333333333333 0.014814814814814815
1 0.8791666666666667 0.3907407407407408 0.008333333333333333 0.022222222222222223
1 0.8609375 0.38703703703703707 0.005208333333333333 0.022222222222222223
1 0.8557291666666667 0.3842592592592593 0.005208333333333333 0.024074074074074074
0 0.8473958333333333 0.3814814814814815 0.005208333333333333 0.022222222222222223
0 0.8395833333333333 0.3740740740740741 0.00625 0.022222222222222223
0 0.8442708333333333 0.37592592592592594 0.005208333333333333 0.022222222222222223
9 0.8265625 0.3462962962962963 0.013541666666666667 0.014814814814814815
1 0.8734375 0.34814814814814815 0.005208333333333333 0.011111111111111112
1 0.8911458333333333 0.35185185185185186 0.005208333333333333 0.011111111111111112
