0 0.4852941176470588 0.2830065359477124 0.0058823529411764705 0.027450980392156862
0 0.47610294117647056 0.2588235294117647 0.005147058823529412 0.0261437908496732
2 0.5371323529411764 0.09738562091503267 0.003676470588235294 0.011764705882352941
9 0.5338235294117647 0.09738562091503267 0.004411764705882353 0.01437908496732026
9 0.5286764705882353 0.09738562091503267 0.0058823529411764705 0.011764705882352941
3 0.5676470588235294 0.12026143790849672 0.014705882352941176 0.02091503267973856
3 0.6290441176470588 0.12549019607843137 0.013970588235294117 0.02091503267973856
3 0.6735294117647058 0.10980392156862745 0.013235294117647059 0.01830065359477124
3 0.8341911764705883 0.134640522875817 0.016911764705882352 0.023529411764705882
3 0.8327205882352942 0.12091503267973855 0.01838235294117647 0.01699346405228758
0 0.8128676470588235 0.3176470588235294 0.009558823529411765 0.02875816993464052
