0 0.375 0.2111111111111111 0.004166666666666667 0.018518518518518517
3 0.43333333333333335 0.18888888888888888 0.010416666666666666 0.014814814814814815
3 0.4270833333333333 0.22592592592592595 0.0125 0.018518518518518517
7 0.44479166666666664 0.21203703703703705 0.008333333333333333 0.020370370370370372
3 0.40729166666666666 0.16944444444444445 0.008333333333333333 0.012962962962962964
3 0.3375 0.2425925925925926 0.014583333333333334 0.02592592592592593
3 0.31979166666666664 0.2712962962962963 0.016666666666666666 0.020370370370370372
3 0.3182291666666667 0.28240740740740744 0.017708333333333333 0.02777777777777778
3 0.496875 0.2518518518518519 0.014583333333333334 0.02592592592592593
1 0.47812499999999997 0.26851851851851855 0.00625 0.022222222222222223
1 0.46458333333333335 0.2712962962962963 0.00625 0.024074074074074074
0 0.5041666666666667 0.30648148148148147 0.00625 0.02777777777777778
7 0.3625 0.25833333333333336 0.010416666666666666 0.02777777777777778
9 0.3697916666666667 0.26481481481481484 0.00625 0.014814814814814815
9 0.3578125 0.27592592592592596 0.007291666666666667 0.011111111111111112
1 0.3697916666666667 0.2796296296296296 0.008333333333333333 0.022222222222222223
1 0.353125 0.2972222222222222 0.00625 0.020370370370370372
9 0.3536458333333333 0.3027777777777778 0.007291666666666667 0.020370370370370372
1 0.3776041666666667 0.35462962962962963 0.007291666666666667 0.031481481481481485
1 0.38177083333333334 0.35833333333333334 0.007291666666666667 0.024074074074074074
9 0.3776041666666667 0.3611111111111111 0.013541666666666667 0.02592592592592593
1 0.34791666666666665 0.32685185185185184 0.008333333333333333 0.020370370370370372
9 0.3489583333333333 0.33333333333333337 0.008333333333333333 0.022222222222222223
1 0.3494791666666667 0.35185185185185186 0.009375 0.02592592592592593
9 0.3489583333333333 0.3611111111111111 0.010416666666666666 0.02962962962962963
9 0.48125 0.4027777777777778 0.010416666666666666 0.02777777777777778
9 0.5020833333333333 0.39537037037037037 0.008333333333333333 0.02777777777777778
9 0.49374999999999997 0.3351851851851852 0.008333333333333333 0.022222222222222223
9 0.47604166666666664 0.31851851851851853 0.00625 0.022222222222222223
1 0.5072916666666667 0.45 0.010416666666666666 0.037037037037037035
1 0.48125 0.3962962962962963 0.010416666666666666 0.03333333333333333
1 0.5020833333333333 0.3861111111111111 0.010416666666666666 0.031481481481481485
1 0.5067708333333333 0.4962962962962963 0.013541666666666667 0.03333333333333333
1 0.5057291666666667 0.5305555555555556 0.013541666666666667 0.03888888888888889
1 0.5286458333333334 0.5111111111111112 0.015625 0.037037037037037035
1 0.5270833333333333 0.5296296296296297 0.014583333333333334 0.040740740740740744
1 0.5270833333333333 0.5444444444444445 0.0125 0.037037037037037035
1 0.5666666666666667 0.6777777777777778 0.01875 0.04814814814814815
9 0.5072916666666667 0.46111111111111114 0.0125 0.037037037037037035
1 0.5208333333333334 0.4712962962962963 0.0125 0.03518518518518519
9 0.525 0.5444444444444445 0.0125 0.044444444444444446
1 0.5390625 0.7388888888888889 0.013541666666666667 0.05185185185185186
1 0.49374999999999997 0.3287037037037037 0.008333333333333333 0.024074074074074074
9 0.5255208333333333 0.3601851851851852 0.009375 0.031481481481481485
6 0.5375 0.39722222222222225 0.020833333333333332 0.03888888888888889
6 0.5505208333333333 0.41574074074074074 0.021875 0.0462962962962963
0 0.7208333333333333 0.6546296296296297 0.010416666666666666 0.03888888888888889
3 0.4473958333333333 0.38981481481481484 0.026041666666666668 0.04259259259259259
3 0.31979166666666664 0.37592592592592594 0.027083333333333334 0.04814814814814815
1 0.3203125 0.4518518518518519 0.013541666666666667 0.037037037037037035
9 0.31927083333333334 0.4638888888888889 0.013541666666666667 0.03888888888888889
9 0.3098958333333333 0.34444444444444444 0.017708333333333333 0.037037037037037035
9 0.23020833333333332 0.4638888888888889 0.014583333333333334 0.03518518518518519
9 0.46458333333333335 0.2777777777777778 0.00625 0.022222222222222223
9 0.4770833333333333 0.2712962962962963 0.00625 0.020370370370370372
9 0.453125 0.22870370370370371 0.00625 0.020370370370370372
9 0.4588541666666667 0.2240740740740741 0.005208333333333333 0.018518518518518517
9 0.3703125 0.2888888888888889 0.009375 0.014814814814814815
1 0.3421875 0.3111111111111111 0.005208333333333333 0.018518518518518517
1 0.3338541666666667 0.4064814814814815 0.009375 0.02777777777777778
1 0.34479166666666666 0.26666666666666666 0.00625 0.018518518518518517
1 0.475 0.3111111111111111 0.00625 0.02592592592592593
1 0.3828125 0.2388888888888889 0.005208333333333333 0.014814814814814815
1 0.3703125 0.2564814814814815 0.003125 0.016666666666666666
9 0.38229166666666664 0.24814814814814815 0.00625 0.014814814814814815
9 0.34479166666666666 0.27314814814814814 0.00625 0.016666666666666666
9 0.3416666666666667 0.32037037037037036 0.00625 0.018518518518518517
3 0.29010416666666666 0.30833333333333335 0.026041666666666668 0.031481481481481485
6 0.6020833333333333 0.4361111111111111 0.027083333333333334 0.05
3 0.4796875 0.20185185185185187 0.011458333333333333 0.014814814814814815
