3 0.4947916666666667 0.37592592592592594 0.016666666666666666 0.02592592592592593
0 0.5052083333333334 0.37592592592592594 0.00625 0.02592592592592593
0 0.4973958333333333 0.3962962962962963 0.005208333333333333 0.02962962962962963
0 0.48854166666666665 0.3925925925925926 0.00625 0.02592592592592593
0 0.4796875 0.3962962962962963 0.005208333333333333 0.037037037037037035
3 0.47812499999999997 0.4166666666666667 0.022916666666666665 0.037037037037037035
0 0.4848958333333333 0.437962962962963 0.009375 0.02777777777777778
0 0.4947916666666667 0.43333333333333335 0.00625 0.02592592592592593
3 0.5203125 0.39537037037037037 0.017708333333333333 0.03888888888888889
0 0.2328125 0.43333333333333335 0.007291666666666667 0.02962962962962963
0 0.23697916666666666 0.4324074074074074 0.007291666666666667 0.031481481481481485
0 0.24583333333333332 0.42592592592592593 0.008333333333333333 0.02962962962962963
0 0.2552083333333333 0.4481481481481482 0.00625 0.02962962962962963
0 0.19375 0.5453703703703704 0.008333333333333333 0.03888888888888889
0 0.20520833333333333 0.562962962962963 0.010416666666666666 0.040740740740740744
1 0.058854166666666666 0.5222222222222223 0.009375 0.02962962962962963
9 0.06979166666666667 0.5222222222222223 0.014583333333333334 0.02962962962962963
9 0.11145833333333333 0.5111111111111112 0.022916666666666665 0.03333333333333333
9 0.3578125 0.5425925925925926 0.030208333333333334 0.02962962962962963
9 0.3286458333333333 0.5342592592592593 0.026041666666666668 0.031481481481481485
0 0.2505208333333333 0.5259259259259259 0.009375 0.040740740740740744
0 0.2505208333333333 0.5888888888888889 0.009375 0.05185185185185186
0 0.2671875 0.5740740740740741 0.007291666666666667 0.037037037037037035
0 0.25625 0.5685185185185185 0.008333333333333333 0.02962962962962963
0 0.24114583333333334 0.5833333333333334 0.007291666666666667 0.04814814814814815
1 0.178125 0.5962962962962963 0.01875 0.04814814814814815
1 0.18802083333333333 0.5703703703703704 0.011458333333333333 0.022222222222222223
0 0.14270833333333333 0.6240740740740741 0.00625 0.05185185185185186
1 0.12239583333333333 0.6055555555555556 0.011458333333333333 0.02592592592592593
1 0.12552083333333333 0.5990740740740741 0.011458333333333333 0.031481481481481485
1 0.1265625 0.5990740740740741 0.007291666666666667 0.020370370370370372
9 0.125 0.6092592592592593 0.014583333333333334 0.037037037037037035
0 0.059375 0.6092592592592593 0.0125 0.05185185185185186
0 0.010416666666666666 0.5333333333333333 0.0125 0.044444444444444446
1 0.09010416666666667 0.8203703703703704 0.009375 0.02962962962962963
9 0.08697916666666666 0.837037037037037 0.030208333333333334 0.040740740740740744
1 0.20833333333333334 0.6481481481481481 0.010416666666666666 0.037037037037037035
9 0.1984375 0.6342592592592593 0.030208333333333334 0.053703703703703705
9 0.21354166666666666 0.6092592592592593 0.029166666666666667 0.05185185185185186
1 0.3625 0.9648148148148149 0.014583333333333334 0.02592592592592593
0 0.43072916666666666 0.6203703703703703 0.011458333333333333 0.044444444444444446
1 0.440625 0.6055555555555556 0.0125 0.03333333333333333
9 0.43854166666666666 0.6157407407407408 0.014583333333333334 0.03888888888888889
1 0.5432291666666667 0.8407407407407408 0.015625 0.05185185185185186
1 0.5213541666666667 0.725 0.011458333333333333 0.05
9 0.521875 0.7351851851851852 0.0125 0.044444444444444446
1 0.4510416666666667 0.4777777777777778 0.010416666666666666 0.02962962962962963
3 0.46510416666666665 0.4666666666666667 0.02395833333333333 0.040740740740740744
3 0.4322916666666667 0.48333333333333334 0.020833333333333332 0.037037037037037035
3 0.4458333333333333 0.4398148148148148 0.022916666666666665 0.031481481481481485
