0 0.41213235294117645 0.9333333333333332 0.006617647058823529 0.03398692810457516
1 0.6279411764705882 0.9287581699346404 0.011764705882352941 0.0326797385620915
1 0.5415441176470588 0.4542483660130719 0.009558823529411765 0.02222222222222222
1 0.5419117647058823 0.4516339869281045 0.008823529411764706 0.02483660130718954
9 0.3400735294117647 0.3359477124183006 0.015441176470588236 0.01830065359477124
1 0.46838235294117647 0.34117647058823525 0.007352941176470588 0.03137254901960784
1 0.4852941176470588 0.32156862745098036 0.007352941176470588 0.0261437908496732
1 0.48566176470588235 0.32418300653594767 0.009558823529411765 0.03137254901960784
2 0.4860294117647059 0.33398692810457514 0.008823529411764706 0.03790849673202614
0 0.35808823529411765 0.1738562091503268 0.0058823529411764705 0.0392156862745098
9 0.425 0.10588235294117647 0.014705882352941176 0.02091503267973856
9 0.39375 0.00784313725490196 0.015441176470588236 0.01568627450980392
3 0.555514705882353 0.01830065359477124 0.019852941176470587 0.03660130718954248
