0 0.4265625 0.36574074074074076 0.008333333333333333 0.018518518518518517
1 0.38125 0.3236111111111111 0.009375 0.025
9 0.3890625 0.35833333333333334 0.013541666666666667 0.022222222222222223
9 0.44609375 0.4430555555555556 0.0140625 0.01388888888888889
0 0.46067708333333335 0.30462962962962964 0.0036458333333333334 0.020370370370370372
0 0.5002604166666667 0.47314814814814815 0.005729166666666666 0.024074074074074074
1 0.5229166666666667 0.4398148148148148 0.00625 0.018518518518518517
1 0.5463541666666667 0.375 0.007291666666666667 0.024074074074074074
1 0.48385416666666664 0.3615740740740741 0.007291666666666667 0.017592592592592594
1 0.45546875 0.41064814814814815 0.005729166666666666 0.015740740740740743
1 0.45260416666666664 0.4115740740740741 0.00625 0.02314814814814815
1 0.45026041666666666 0.41944444444444445 0.0078125 0.02592592592592593
0 0.46510416666666665 0.13194444444444445 0.005208333333333333 0.025
0 0.4166666666666667 0.1050925925925926 0.004166666666666667 0.02314814814814815
0 0.41432291666666665 0.1175925925925926 0.0036458333333333334 0.018518518518518517
9 0.4401041666666667 0.09583333333333334 0.0125 0.017592592592592594
9 0.44687499999999997 0.10416666666666667 0.014583333333333334 0.019444444444444445
9 0.4544270833333333 0.10925925925925926 0.013020833333333334 0.020370370370370372
9 0.6013020833333333 0.19768518518518519 0.013020833333333334 0.025
9 0.6364583333333333 0.2240740740740741 0.014583333333333334 0.022222222222222223
9 0.59921875 0.14027777777777778 0.009895833333333333 0.015740740740740743
9 0.6255208333333333 0.10416666666666667 0.0125 0.017592592592592594
9 0.6033854166666667 0.08842592592592594 0.0109375 0.017592592592592594
9 0.5908854166666666 0.08240740740740742 0.008854166666666666 0.012962962962962964
0 0.6583333333333333 0.09305555555555556 0.005208333333333333 0.026851851851851852
1 0.5783854166666667 0.19814814814814816 0.0067708333333333336 0.016666666666666666
1 0.6356770833333333 0.21296296296296297 0.0046875 0.018518518518518517
1 0.6291666666666667 0.2013888888888889 0.004166666666666667 0.017592592592592594
1 0.62578125 0.20231481481481484 0.0026041666666666665 0.017592592592592594
1 0.60078125 0.1865740740740741 0.0046875 0.019444444444444445
1 0.7096354166666666 0.16898148148148148 0.0036458333333333334 0.017592592592592594
1 0.7174479166666666 0.16712962962962963 0.0067708333333333336 0.021296296296296296
1 0.7177083333333333 0.18935185185185185 0.005208333333333333 0.01388888888888889
1 0.7140625 0.18425925925925926 0.004166666666666667 0.016666666666666666
1 0.6427083333333333 0.11342592592592593 0.004166666666666667 0.01388888888888889
0 0.7091145833333333 0.15092592592592594 0.0046875 0.024074074074074074
9 0.6361979166666667 0.10787037037037038 0.005729166666666666 0.021296296296296296
9 0.72734375 0.16111111111111112 0.0078125 0.016666666666666666
6 0.7028645833333333 0.1550925925925926 0.008854166666666666 0.026851851851851852
0 0.7666666666666666 0.16898148148148148 0.004166666666666667 0.025
0 0.7622395833333333 0.16620370370370371 0.0046875 0.026851851851851852
0 0.7669270833333334 0.15694444444444444 0.005729166666666666 0.021296296296296296
0 0.7596354166666667 0.16342592592592592 0.0046875 0.02314814814814815
9 0.9473958333333333 0.27592592592592596 0.007291666666666667 0.020370370370370372
1 0.35520833333333335 0.9731481481481482 0.007291666666666667 0.02592592592592593
