0 0.19479166666666667 0.4 0.007291666666666667 0.024074074074074074
1 0.19244791666666666 0.38842592592592595 0.005729166666666666 0.019444444444444445
9 0.2328125 0.36064814814814816 0.009375 0.025
9 0.24973958333333332 0.34675925925925927 0.013020833333333334 0.025
9 0.253125 0.33981481481481485 0.014583333333333334 0.02592592592592593
9 0.24244791666666665 0.32962962962962966 0.013020833333333334 0.02592592592592593
9 0.3184895833333333 0.2777777777777778 0.008854166666666666 0.02592592592592593
9 0.3247395833333333 0.27592592592592596 0.008854166666666666 0.020370370370370372
0 0.359375 0.26712962962962966 0.007291666666666667 0.026851851851851852
9 0.33828125 0.2601851851851852 0.013020833333333334 0.022222222222222223
9 0.3658854166666667 0.23796296296296296 0.0140625 0.024074074074074074
2 0.4822916666666667 0.15462962962962964 0.010416666666666666 0.016666666666666666
0 0.5479166666666666 0.16805555555555557 0.005208333333333333 0.026851851851851852
9 0.6471354166666666 0.2 0.0109375 0.024074074074074074
0 0.9541666666666666 0.19583333333333333 0.008333333333333333 0.02314814814814815
9 0.9453125 0.2189814814814815 0.014583333333333334 0.015740740740740743
1 0.10989583333333333 0.6231481481481481 0.008333333333333333 0.02777777777777778
0 0.34453125 0.5847222222222223 0.0046875 0.025
1 0.31927083333333334 0.4134259259259259 0.010416666666666666 0.021296296296296296
1 0.32369791666666664 0.38842592592592595 0.0109375 0.025
9 0.45286458333333335 0.2518518518518519 0.0140625 0.018518518518518517
1 0.79921875 0.27824074074074073 0.0078125 0.025
9 0.4669270833333333 0.225 0.011979166666666666 0.02592592592592593
1 0.45026041666666666 0.24583333333333335 0.0046875 0.015740740740740743
1 0.4536458333333333 0.24675925925925926 0.004166666666666667 0.025
1 0.4578125 0.25092592592592594 0.005208333333333333 0.020370370370370372
1 0.4864583333333333 0.18287037037037038 0.00625 0.02314814814814815
9 0.6552083333333333 0.25 0.010416666666666666 0.016666666666666666
9 0.64140625 0.24675925925925926 0.0067708333333333336 0.017592592592592594
9 0.6270833333333333 0.2388888888888889 0.00625 0.016666666666666666
