3 0.33958333333333335 0.22777777777777777 0.027083333333333334 0.02962962962962963
0 0.3333333333333333 0.21851851851851853 0.00625 0.022222222222222223
7 0.4692708333333333 0.22037037037037038 0.013541666666666667 0.03333333333333333
3 0.45468749999999997 0.21944444444444444 0.015625 0.02777777777777778
7 0.49322916666666666 0.22314814814814815 0.026041666666666668 0.031481481481481485
7 0.5046875 0.2601851851851852 0.028125 0.03888888888888889
7 0.4942708333333333 0.2814814814814815 0.019791666666666666 0.037037037037037035
3 0.4869791666666667 0.2962962962962963 0.019791666666666666 0.03333333333333333
3 0.496875 0.31574074074074077 0.022916666666666665 0.0462962962962963
3 0.503125 0.3425925925925926 0.027083333333333334 0.044444444444444446
9 0.4791666666666667 0.3194444444444445 0.010416666666666666 0.024074074074074074
1 0.4796875 0.30833333333333335 0.007291666666666667 0.031481481481481485
0 0.46822916666666664 0.3055555555555556 0.007291666666666667 0.040740740740740744
1 0.4552083333333333 0.30833333333333335 0.008333333333333333 0.031481481481481485
9 0.45468749999999997 0.3148148148148148 0.009375 0.02962962962962963
6 0.4421875 0.28703703703703703 0.013541666666666667 0.040740740740740744
1 0.4375 0.2777777777777778 0.008333333333333333 0.022222222222222223
1 0.44114583333333335 0.2833333333333333 0.009375 0.02592592592592593
7 0.3489583333333333 0.3101851851851852 0.01875 0.04259259259259259
4 0.4453125 0.3527777777777778 0.026041666666666668 0.053703703703703705
9 0.5708333333333333 0.3231481481481482 0.008333333333333333 0.024074074074074074
1 0.5697916666666667 0.3092592592592593 0.008333333333333333 0.02592592592592593
9 0.41354166666666664 0.3111111111111111 0.008333333333333333 0.02592592592592593
1 0.41302083333333334 0.30185185185185187 0.007291666666666667 0.02592592592592593
6 0.2520833333333333 0.30648148148148147 0.016666666666666666 0.03518518518518519
3 0.2755208333333333 0.3194444444444445 0.028125 0.05
9 0.2760416666666667 0.3472222222222222 0.0125 0.02777777777777778
1 0.2708333333333333 0.3425925925925926 0.008333333333333333 0.022222222222222223
1 0.2739583333333333 0.33796296296296297 0.010416666666666666 0.031481481481481485
6 0.22343749999999998 0.4064814814814815 0.019791666666666666 0.03888888888888889
1 0.23020833333333332 0.3944444444444445 0.010416666666666666 0.044444444444444446
9 0.17604166666666665 0.44907407407407407 0.01875 0.04259259259259259
9 0.15 0.5018518518518519 0.020833333333333332 0.05185185185185186
9 0.45468749999999997 0.41481481481481486 0.013541666666666667 0.040740740740740744
9 0.46979166666666666 0.4444444444444445 0.0125 0.044444444444444446
1 0.4552083333333333 0.4064814814814815 0.010416666666666666 0.03888888888888889
1 0.4692708333333333 0.43333333333333335 0.011458333333333333 0.040740740740740744
1 0.46979166666666666 0.4342592592592593 0.010416666666666666 0.031481481481481485
9 0.23020833333333332 0.5750000000000001 0.014583333333333334 0.0462962962962963
1 0.18697916666666667 0.5916666666666667 0.013541666666666667 0.05
9 0.5083333333333333 0.5157407407407407 0.0125 0.0462962962962963
1 0.5088541666666666 0.513888888888889 0.011458333333333333 0.03888888888888889
1 0.5083333333333333 0.5064814814814815 0.014583333333333334 0.0462962962962963
1 0.5223958333333333 0.5925925925925926 0.017708333333333333 0.05185185185185186
0 0.8359375 0.9796296296296296 0.015625 0.040740740740740744
3 0.4671875 0.17407407407407408 0.011458333333333333 0.018518518518518517
3 0.465625 0.16666666666666669 0.010416666666666666 0.014814814814814815
9 0.45260416666666664 0.19814814814814816 0.005208333333333333 0.014814814814814815
9 0.4536458333333333 0.16944444444444445 0.003125 0.012962962962962964
9 0.4479166666666667 0.17037037037037037 0.004166666666666667 0.011111111111111112
9 0.3802083333333333 0.19722222222222224 0.00625 0.016666666666666666
9 0.3677083333333333 0.1814814814814815 0.004166666666666667 0.011111111111111112
9 0.37447916666666664 0.16944444444444445 0.003125 0.012962962962962964
1 0.36875 0.17592592592592593 0.004166666666666667 0.011111111111111112
1 0.37395833333333334 0.16666666666666669 0.004166666666666667 0.011111111111111112
1 0.3802083333333333 0.19074074074074074 0.008333333333333333 0.014814814814814815
1 0.45260416666666664 0.19074074074074074 0.007291666666666667 0.011111111111111112
1 0.453125 0.16574074074074074 0.00625 0.009259259259259259
1 0.4479166666666667 0.16666666666666669 0.00625 0.011111111111111112
7 0.3614583333333333 0.1685185185185185 0.010416666666666666 0.022222222222222223
6 0.4380208333333333 0.18796296296296297 0.007291666666666667 0.016666666666666666
1 0.43854166666666666 0.17962962962962964 0.00625 0.011111111111111112
0 0.440625 0.19166666666666668 0.004166666666666667 0.020370370370370372
