9 0.4869791666666667 0.5546296296296297 0.02395833333333333 0.053703703703703705
9 0.553125 0.4814814814814815 0.025 0.05185185185185186
9 0.5947916666666666 0.4712962962962963 0.01875 0.04259259259259259
9 0.6223958333333334 0.4481481481481482 0.015625 0.037037037037037035
0 0.6192708333333333 0.41481481481481486 0.009375 0.05185185185185186
0 0.6276041666666666 0.41574074074074074 0.007291666666666667 0.05
1 0.7 0.40092592592592596 0.010416666666666666 0.03518518518518519
1 0.703125 0.3944444444444445 0.0125 0.037037037037037035
9 0.7026041666666667 0.40555555555555556 0.017708333333333333 0.03333333333333333
0 0.7421875 0.37777777777777777 0.009375 0.044444444444444446
0 0.7505208333333333 0.38796296296296295 0.007291666666666667 0.02777777777777778
0 0.7546875 0.3611111111111111 0.007291666666666667 0.04814814814814815
0 0.7619791666666667 0.3648148148148148 0.009375 0.044444444444444446
0 0.7791666666666667 0.3564814814814815 0.008333333333333333 0.04259259259259259
0 0.8078124999999999 0.34074074074074073 0.011458333333333333 0.04814814814814815
0 0.7828125 0.3138888888888889 0.005208333333333333 0.016666666666666666
0 0.8552083333333333 0.31666666666666665 0.00625 0.037037037037037035
0 0.8619791666666666 0.3175925925925926 0.007291666666666667 0.03888888888888889
0 0.884375 0.23703703703703705 0.00625 0.02962962962962963
0 0.8937499999999999 0.2388888888888889 0.008333333333333333 0.03333333333333333
9 0.9005208333333333 0.2833333333333333 0.011458333333333333 0.02962962962962963
7 0.8901041666666667 0.26666666666666666 0.009375 0.02592592592592593
1 0.890625 0.26296296296296295 0.00625 0.014814814814814815
1 0.49322916666666666 0.5388888888888889 0.007291666666666667 0.044444444444444446
1 0.5552083333333333 0.47314814814814815 0.014583333333333334 0.0462962962962963
1 0.5958333333333333 0.4620370370370371 0.0125 0.05
1 0.621875 0.4416666666666667 0.008333333333333333 0.04259259259259259
1 0.3260416666666667 0.2611111111111111 0.010416666666666666 0.037037037037037035
9 0.32760416666666664 0.26944444444444443 0.019791666666666666 0.02777777777777778
