1 0.2963235294117647 0.230718954248366 0.008823529411764706 0.03006535947712418
1 0.2908088235294118 0.2372549019607843 0.008088235294117646 0.027450980392156862
1 0.19338235294117648 0.08431372549019607 0.0058823529411764705 0.0196078431372549
0 0.017279411764705883 0.060784313725490195 0.008088235294117646 0.03529411764705882
0 0.05625 0.11699346405228757 0.008088235294117646 0.03790849673202614
1 0.021691176470588235 0.1522875816993464 0.0125 0.0326797385620915
9 0.041176470588235294 0.14967320261437908 0.010294117647058823 0.03006535947712418
0 0.46911764705882353 0.07777777777777778 0.0058823529411764705 0.027450980392156862
0 0.7011029411764705 0.20326797385620915 0.006617647058823529 0.03790849673202614
0 0.7316176470588235 0.20980392156862743 0.0058823529411764705 0.0326797385620915
