9 0.48541666666666666 0.6 0.0125 0.04814814814814815
1 0.484375 0.587037037037037 0.010416666666666666 0.037037037037037035
9 0.6588541666666666 0.47500000000000003 0.028125 0.031481481481481485
9 0.6526041666666667 0.46481481481481485 0.02395833333333333 0.03333333333333333
3 0.6489583333333333 0.42685185185185187 0.027083333333333334 0.05
0 0.48541666666666666 0.45740740740740743 0.008333333333333333 0.044444444444444446
0 0.47812499999999997 0.45740740740740743 0.008333333333333333 0.040740740740740744
0 0.47239583333333335 0.41944444444444445 0.007291666666666667 0.031481481481481485
0 0.46875 0.412962962962963 0.00625 0.037037037037037035
0 0.4635416666666667 0.42592592592592593 0.00625 0.037037037037037035
9 0.496875 0.4046296296296297 0.014583333333333334 0.016666666666666666
0 0.5640625 0.2712962962962963 0.005208333333333333 0.02777777777777778
9 0.5838541666666667 0.46851851851851856 0.011458333333333333 0.040740740740740744
1 0.5838541666666667 0.4638888888888889 0.009375 0.031481481481481485
9 0.6057291666666667 0.4740740740740741 0.007291666666666667 0.03333333333333333
1 0.60625 0.46574074074074073 0.008333333333333333 0.031481481481481485
6 0.5458333333333333 0.33333333333333337 0.0125 0.03333333333333333
0 0.4942708333333333 0.3592592592592593 0.003125 0.03333333333333333
9 0.5088541666666666 0.3425925925925926 0.009375 0.02592592592592593
1 0.509375 0.33796296296296297 0.00625 0.02777777777777778
3 0.5072916666666667 0.3277777777777778 0.01875 0.03333333333333333
3 0.51875 0.3092592592592593 0.016666666666666666 0.02962962962962963
3 0.5203125 0.2898148148148148 0.017708333333333333 0.02777777777777778
0 0.5364583333333334 0.2925925925925926 0.00625 0.02592592592592593
0 0.5322916666666666 0.2925925925925926 0.004166666666666667 0.02592592592592593
3 0.54375 0.22314814814814815 0.025 0.024074074074074074
0 0.5177083333333333 0.35833333333333334 0.004166666666666667 0.02777777777777778
9 0.5526041666666667 0.2537037037037037 0.005208333333333333 0.022222222222222223
1 0.5526041666666667 0.25 0.005208333333333333 0.014814814814814815
9 0.5302083333333333 0.3703703703703704 0.008333333333333333 0.02962962962962963
1 0.5307291666666667 0.36574074074074076 0.007291666666666667 0.02777777777777778
9 0.4875 0.5175925925925926 0.008333333333333333 0.03518518518518519
1 0.48802083333333335 0.5074074074074074 0.007291666666666667 0.040740740740740744
0 0.5411458333333333 0.2601851851851852 0.005208333333333333 0.024074074074074074
9 0.578125 0.4240740740740741 0.00625 0.03333333333333333
1 0.5770833333333333 0.4222222222222222 0.00625 0.02592592592592593
1 0.5776041666666667 0.41944444444444445 0.005208333333333333 0.03518518518518519
0 0.6125 0.31574074074074077 0.004166666666666667 0.02777777777777778
0 0.6052083333333333 0.32222222222222224 0.00625 0.02592592592592593
9 0.5947916666666666 0.27870370370370373 0.004166666666666667 0.020370370370370372
1 0.5953125 0.27870370370370373 0.003125 0.016666666666666666
1 0.5947916666666666 0.275 0.004166666666666667 0.020370370370370372
0 0.4828125 0.41203703703703703 0.007291666666666667 0.04259259259259259
