0 0.5040441176470588 0.2725490196078431 0.005147058823529412 0.0326797385620915
0 0.5404411764705882 0.2718954248366013 0.007352941176470588 0.0261437908496732
3 0.7694852941176471 0.21699346405228756 0.01838235294117647 0.02875816993464052
3 0.7867647058823529 0.20326797385620915 0.014705882352941176 0.02222222222222222
3 0.7930147058823529 0.19999999999999998 0.011029411764705881 0.02091503267973856
3 0.7849264705882353 0.18366013071895423 0.016911764705882352 0.01437908496732026
3 0.8025735294117647 0.18562091503267972 0.009558823529411765 0.0130718954248366
3 0.8191176470588235 0.18692810457516337 0.010294117647058823 0.01568627450980392
0 0.9246323529411764 0.2771241830065359 0.006617647058823529 0.03137254901960784
0 0.8448529411764706 0.28627450980392155 0.008823529411764706 0.03137254901960784
1 0.8536764705882353 0.3 0.010294117647058823 0.027450980392156862
1 0.8474264705882353 0.292156862745098 0.009558823529411765 0.02483660130718954
9 0.8525735294117647 0.26013071895424833 0.016911764705882352 0.02091503267973856
3 0.8316176470588236 0.19215686274509802 0.010294117647058823 0.01830065359477124
