9 0.4197916666666667 0.3851851851851852 0.004166666666666667 0.014814814814814815
9 0.421875 0.41111111111111115 0.004166666666666667 0.014814814814814815
9 0.42864583333333334 0.4027777777777778 0.005208333333333333 0.012962962962962964
9 0.25625 0.5842592592592593 0.01875 0.0462962962962963
9 0.31875 0.5861111111111111 0.020833333333333332 0.05
9 0.3390625 0.513888888888889 0.013541666666666667 0.031481481481481485
9 0.5692708333333333 0.49444444444444446 0.009375 0.02962962962962963
9 0.5 0.43333333333333335 0.00625 0.022222222222222223
9 0.5125 0.4398148148148148 0.00625 0.020370370370370372
9 0.53125 0.4916666666666667 0.0125 0.03518518518518519
9 0.528125 0.4064814814814815 0.004166666666666667 0.012962962962962964
9 0.5244791666666666 0.3990740740740741 0.005208333333333333 0.012962962962962964
2 0.2984375 0.5268518518518519 0.009375 0.03518518518518519
7 0.36041666666666666 0.44351851851851853 0.016666666666666666 0.03888888888888889
7 0.3963541666666667 0.4138888888888889 0.013541666666666667 0.016666666666666666
7 0.5364583333333334 0.44907407407407407 0.010416666666666666 0.03518518518518519
7 0.5484375 0.4712962962962963 0.011458333333333333 0.031481481481481485
7 0.4921875 0.37777777777777777 0.005208333333333333 0.014814814814814815
7 0.440625 0.39722222222222225 0.008333333333333333 0.016666666666666666
1 0.2578125 0.5666666666666667 0.011458333333333333 0.04814814814814815
1 0.30052083333333335 0.513888888888889 0.009375 0.04259259259259259
1 0.33958333333333335 0.5018518518518519 0.010416666666666666 0.040740740740740744
1 0.3203125 0.5685185185185185 0.015625 0.05185185185185186
1 0.38697916666666665 0.41481481481481486 0.003125 0.014814814814814815
1 0.5703125 0.4842592592592593 0.007291666666666667 0.031481481481481485
1 0.53125 0.48333333333333334 0.008333333333333333 0.02962962962962963
1 0.53125 0.4861111111111111 0.00625 0.024074074074074074
1 0.5484375 0.4620370370370371 0.005208333333333333 0.020370370370370372
1 0.5125 0.43333333333333335 0.004166666666666667 0.022222222222222223
1 0.5 0.4277777777777778 0.004166666666666667 0.018518518518518517
1 0.7619791666666667 0.65 0.021875 0.044444444444444446
3 0.41875 0.46111111111111114 0.025 0.037037037037037035
3 0.44114583333333335 0.4203703703703704 0.019791666666666666 0.03333333333333333
3 0.4822916666666667 0.4 0.0125 0.018518518518518517
3 0.48072916666666665 0.3824074074074074 0.007291666666666667 0.009259259259259259
3 0.5348958333333333 0.4324074074074074 0.021875 0.020370370370370372
9 0.11510416666666666 0.5259259259259259 0.026041666666666668 0.03333333333333333
