0 0.27242647058823527 0.20980392156862743 0.008088235294117646 0.03006535947712418
0 0.27058823529411763 0.24117647058823527 0.008823529411764706 0.03790849673202614
9 0.2536764705882353 0.23594771241830065 0.013235294117647059 0.03529411764705882
9 0.23566176470588235 0.24640522875816992 0.0125 0.03790849673202614
1 0.6091911764705882 0.2803921568627451 0.006617647058823529 0.02483660130718954
0 0.7551470588235294 0.065359477124183 0.0058823529411764705 0.02875816993464052
0 0.7595588235294117 0.06666666666666667 0.004411764705882353 0.02875816993464052
0 0.37022058823529413 0.01764705882352941 0.008088235294117646 0.03529411764705882
0 0.37058823529411766 0.07058823529411765 0.008823529411764706 0.03398692810457516
0 0.3356617647058823 0.01895424836601307 0.006617647058823529 0.03006535947712418
0 0.32573529411764707 0.03464052287581699 0.007352941176470588 0.03006535947712418
0 0.2827205882352941 0.02875816993464052 0.008088235294117646 0.03137254901960784
0 0.2555147058823529 0.0196078431372549 0.006617647058823529 0.0261437908496732
9 0.3558823529411765 0.10392156862745097 0.007352941176470588 0.027450980392156862
0 0.33713235294117644 0.09411764705882353 0.009558823529411765 0.03660130718954248
1 0.3341911764705882 0.10980392156862745 0.008088235294117646 0.02091503267973856
0 0.32316176470588237 0.08823529411764705 0.006617647058823529 0.03006535947712418
0 0.31323529411764706 0.0895424836601307 0.008823529411764706 0.03006535947712418
0 0.32169117647058826 0.10784313725490195 0.006617647058823529 0.0326797385620915
0 0.31286764705882353 0.10392156862745097 0.006617647058823529 0.02483660130718954
0 0.31580882352941175 0.11699346405228757 0.006617647058823529 0.0326797385620915
0 0.30808823529411766 0.11895424836601307 0.007352941176470588 0.03660130718954248
0 0.2988970588235294 0.11437908496732026 0.006617647058823529 0.03006535947712418
0 0.2911764705882353 0.14444444444444443 0.0058823529411764705 0.03790849673202614
0 0.29448529411764707 0.1457516339869281 0.006617647058823529 0.027450980392156862
0 0.3069852941176471 0.14248366013071895 0.006617647058823529 0.03398692810457516
0 0.3261029411764706 0.13594771241830064 0.006617647058823529 0.0261437908496732
0 0.28970588235294115 0.10784313725490195 0.007352941176470588 0.027450980392156862
0 0.2849264705882353 0.08235294117647059 0.006617647058823529 0.02875816993464052
0 0.2691176470588235 0.10915032679738561 0.007352941176470588 0.03006535947712418
0 0.26323529411764707 0.09215686274509803 0.0058823529411764705 0.03006535947712418
0 0.26691176470588235 0.0849673202614379 0.010294117647058823 0.02875816993464052
0 0.24338235294117647 0.03986928104575163 0.008823529411764706 0.0326797385620915
0 0.23566176470588235 0.03986928104575163 0.006617647058823529 0.0326797385620915
0 0.22647058823529412 0.05163398692810457 0.007352941176470588 0.03006535947712418
0 0.23272058823529412 0.05424836601307189 0.008088235294117646 0.0326797385620915
0 0.23088235294117646 0.1849673202614379 0.008823529411764706 0.0326797385620915
0 0.23933823529411766 0.10522875816993463 0.008088235294117646 0.03790849673202614
1 0.2363970588235294 0.11568627450980391 0.009558823529411765 0.02483660130718954
0 0.2375 0.14052287581699346 0.010294117647058823 0.03790849673202614
1 0.09669117647058824 0.27908496732026145 0.008088235294117646 0.02483660130718954
1 0.10588235294117647 0.2751633986928104 0.007352941176470588 0.03006535947712418
1 0.06580882352941177 0.24967320261437906 0.015441176470588236 0.03137254901960784
1 0.052941176470588235 0.26013071895424833 0.013235294117647059 0.03660130718954248
0 0.045588235294117645 0.2281045751633987 0.010294117647058823 0.0326797385620915
0 0.07279411764705883 0.1457516339869281 0.010294117647058823 0.03790849673202614
0 0.07573529411764705 0.07973856209150326 0.010294117647058823 0.03660130718954248
0 0.0838235294117647 0.07320261437908496 0.008823529411764706 0.03660130718954248
0 0.09154411764705882 0.07647058823529411 0.008088235294117646 0.03529411764705882
0 0.1375 0.09803921568627451 0.008823529411764706 0.03660130718954248
0 0.14926470588235294 0.09673202614379084 0.007352941176470588 0.0261437908496732
0 0.15330882352941178 0.0869281045751634 0.009558823529411765 0.03529411764705882
0 0.18455882352941178 0.10980392156862745 0.008823529411764706 0.03398692810457516
0 0.20330882352941176 0.1588235294117647 0.0125 0.03790849673202614
0 0.19522058823529412 0.15098039215686274 0.009558823529411765 0.0326797385620915
0 0.11911764705882352 0.19607843137254902 0.010294117647058823 0.03660130718954248
0 0.14191176470588235 0.19215686274509802 0.008823529411764706 0.02875816993464052
0 0.16323529411764706 0.1477124183006536 0.008823529411764706 0.03398692810457516
0 0.15551470588235294 0.15816993464052287 0.008088235294117646 0.03137254901960784
0 0.19522058823529412 0.11437908496732026 0.008088235294117646 0.0326797385620915
0 0.20294117647058824 0.12810457516339868 0.007352941176470588 0.03137254901960784
0 0.17941176470588235 0.13333333333333333 0.007352941176470588 0.03398692810457516
0 0.10036764705882353 0.21241830065359477 0.006617647058823529 0.03529411764705882
0 0.11323529411764706 0.22091503267973855 0.008823529411764706 0.03398692810457516
0 0.11213235294117647 0.24967320261437906 0.008088235294117646 0.02875816993464052
0 0.12683823529411764 0.24117647058823527 0.008088235294117646 0.03529411764705882
0 0.22242647058823528 0.269281045751634 0.009558823529411765 0.03660130718954248
0 0.21323529411764705 0.2633986928104575 0.007352941176470588 0.0326797385620915
0 0.21764705882352942 0.24771241830065358 0.010294117647058823 0.03790849673202614
0 0.19375 0.22156862745098038 0.008088235294117646 0.03790849673202614
0 0.1827205882352941 0.22091503267973855 0.009558823529411765 0.0392156862745098
0 0.1474264705882353 0.060784313725490195 0.008088235294117646 0.0326797385620915
0 0.17610294117647057 0.06862745098039215 0.009558823529411765 0.03529411764705882
