0 0.46197916666666666 0.45972222222222225 0.00625 0.02314814814814815
1 0.49374999999999997 0.4365740740740741 0.004166666666666667 0.012037037037037037
0 0.4674479166666667 0.41944444444444445 0.0067708333333333336 0.02592592592592593
9 0.4908854166666667 0.22268518518518518 0.0140625 0.021296296296296296
9 0.49453125 0.21342592592592594 0.0140625 0.021296296296296296
0 0.48932291666666666 0.18703703703703706 0.005729166666666666 0.022222222222222223
0 0.4979166666666667 0.17777777777777778 0.005208333333333333 0.018518518518518517
0 0.4861979166666667 0.16203703703703703 0.005729166666666666 0.022222222222222223
0 0.48802083333333335 0.15833333333333333 0.00625 0.020370370370370372
0 0.4934895833333333 0.1574074074074074 0.0036458333333333334 0.02592592592592593
9 0.5013020833333334 0.1625 0.011979166666666666 0.025
0 0.5096354166666667 0.10972222222222222 0.005729166666666666 0.021296296296296296
9 0.5104166666666666 0.08703703703703704 0.005208333333333333 0.014814814814814815
2 0.5611979166666666 0.1564814814814815 0.015104166666666667 0.018518518518518517
1 0.5622395833333333 0.15185185185185185 0.0067708333333333336 0.020370370370370372
0 0.59921875 0.05925925925925926 0.005729166666666666 0.020370370370370372
9 0.6348958333333333 0.044444444444444446 0.005208333333333333 0.018518518518518517
9 0.65 0.03935185185185185 0.011458333333333333 0.025
0 0.6283854166666667 0.14583333333333334 0.0046875 0.026851851851851852
9 0.6184895833333334 0.11666666666666667 0.0109375 0.02592592592592593
2 0.6622395833333333 0.12638888888888888 0.0067708333333333336 0.021296296296296296
2 0.67734375 0.12731481481481483 0.0046875 0.02314814814814815
1 0.49322916666666666 0.5018518518518519 0.00625 0.018518518518518517
1 0.9765625 0.6606481481481482 0.013541666666666667 0.026851851851851852
