9 0.328125 0.2712962962962963 0.016666666666666666 0.024074074074074074
1 0.32447916666666665 0.2611111111111111 0.011458333333333333 0.03333333333333333
0 0.11614583333333334 0.9740740740740741 0.028125 0.05185185185185186
1 0.23854166666666665 0.8444444444444444 0.025 0.05185185185185186
1 0.4921875 0.5388888888888889 0.009375 0.04814814814814815
9 0.4869791666666667 0.5527777777777778 0.02395833333333333 0.053703703703703705
9 0.5520833333333334 0.4814814814814815 0.025 0.05185185185185186
1 0.5536458333333333 0.47222222222222227 0.015625 0.044444444444444446
9 0.5947916666666666 0.47222222222222227 0.01875 0.040740740740740744
1 0.5953125 0.4601851851851852 0.013541666666666667 0.05
1 0.6223958333333334 0.43703703703703706 0.013541666666666667 0.044444444444444446
0 0.6192708333333333 0.4138888888888889 0.011458333333333333 0.053703703703703705
1 0.6994791666666667 0.40092592592592596 0.011458333333333333 0.03518518518518519
1 0.7026041666666667 0.39537037037037037 0.011458333333333333 0.03888888888888889
9 0.7020833333333333 0.4064814814814815 0.014583333333333334 0.03888888888888889
0 0.7494791666666667 0.38796296296296295 0.009375 0.02777777777777778
0 0.7427083333333333 0.37777777777777777 0.010416666666666666 0.044444444444444446
0 0.7604166666666666 0.36574074074074076 0.0125 0.05
0 0.7536458333333333 0.3601851851851852 0.011458333333333333 0.0462962962962963
0 0.7786458333333334 0.3564814814814815 0.011458333333333333 0.0462962962962963
2 0.8109375 0.3509259259259259 0.015625 0.031481481481481485
0 0.8072916666666666 0.34074074074074073 0.0125 0.04814814814814815
0 0.7838541666666666 0.32685185185185184 0.007291666666666667 0.03888888888888889
0 0.7895833333333333 0.3277777777777778 0.008333333333333333 0.044444444444444446
0 0.8609375 0.31666666666666665 0.009375 0.040740740740740744
0 0.8546874999999999 0.31574074074074077 0.007291666666666667 0.03888888888888889
9 0.8989583333333333 0.2814814814814815 0.010416666666666666 0.02962962962962963
0 0.884375 0.23703703703703705 0.008333333333333333 0.02962962962962963
0 0.8942708333333333 0.23703703703703705 0.009375 0.02962962962962963
0 0.8661458333333333 0.16481481481481483 0.005208333333333333 0.014814814814814815
