9 0.004427083333333333 0.3263888888888889 0.008854166666666666 0.021296296296296296
9 0.109375 0.23564814814814816 0.0125 0.025
9 0.12734375 0.2162037037037037 0.015104166666666667 0.019444444444444445
9 0.13880208333333333 0.21203703703703705 0.011979166666666666 0.024074074074074074
9 0.14166666666666666 0.20601851851851852 0.011458333333333333 0.02314814814814815
9 0.16197916666666667 0.18611111111111112 0.0125 0.024074074074074074
9 0.24479166666666666 0.11712962962962964 0.013541666666666667 0.019444444444444445
9 0.24947916666666667 0.10972222222222222 0.013541666666666667 0.019444444444444445
9 0.234375 0.10740740740740741 0.014583333333333334 0.020370370370370372
9 0.609375 0.2828703703703704 0.009375 0.026851851851851852
0 0.4401041666666667 0.6356481481481482 0.005208333333333333 0.02314814814814815
