0 0.42205882352941176 0.35163398692810455 0.007352941176470588 0.0392156862745098
0 0.43823529411764706 0.30196078431372547 0.007352941176470588 0.03660130718954248
0 0.42463235294117646 0.31895424836601305 0.006617647058823529 0.03137254901960784
0 0.4294117647058823 0.31699346405228757 0.007352941176470588 0.0326797385620915
0 0.3830882352941176 0.3196078431372549 0.007352941176470588 0.03790849673202614
1 0.6746323529411765 0.4549019607843137 0.009558823529411765 0.03660130718954248
1 0.6639705882352941 0.45359477124183 0.010294117647058823 0.0261437908496732
0 0.5823529411764706 0.4333333333333333 0.008823529411764706 0.03006535947712418
0 0.5955882352941176 0.38235294117647056 0.008823529411764706 0.03790849673202614
0 0.5974264705882353 0.3986928104575163 0.008088235294117646 0.03398692810457516
0 0.61875 0.3986928104575163 0.006617647058823529 0.03398692810457516
0 0.6647058823529411 0.38954248366013067 0.008823529411764706 0.03660130718954248
0 0.6768382352941177 0.418954248366013 0.008088235294117646 0.03790849673202614
1 0.8117647058823529 0.4856209150326797 0.007352941176470588 0.027450980392156862
0 0.8198529411764706 0.38627450980392153 0.007352941176470588 0.03790849673202614
