0 0.8511029411764706 0.44313725490196076 0.009558823529411765 0.03660130718954248
1 0.8209558823529411 0.40392156862745093 0.009558823529411765 0.03398692810457516
1 0.8341911764705883 0.4032679738562091 0.013970588235294117 0.0326797385620915
0 0.8742647058823529 0.3300653594771242 0.008823529411764706 0.0326797385620915
0 0.8573529411764705 0.29346405228758166 0.008823529411764706 0.03006535947712418
0 0.8591911764705882 0.30849673202614375 0.008088235294117646 0.03137254901960784
0 0.8698529411764706 0.30653594771241827 0.008823529411764706 0.0326797385620915
0 0.8713235294117647 0.2915032679738562 0.008823529411764706 0.03660130718954248
0 0.5860294117647059 0.27843137254901956 0.008823529411764706 0.03398692810457516
0 0.6283088235294118 0.2856209150326797 0.006617647058823529 0.03006535947712418
0 0.6209558823529412 0.2830065359477124 0.005147058823529412 0.0196078431372549
0 0.6224264705882353 0.27581699346405225 0.006617647058823529 0.02875816993464052
0 0.6790441176470589 0.28104575163398693 0.008088235294117646 0.03660130718954248
0 0.6948529411764706 0.31241830065359477 0.008823529411764706 0.03660130718954248
0 0.7066176470588236 0.32745098039215687 0.010294117647058823 0.02483660130718954
0 0.7091911764705883 0.3078431372549019 0.008088235294117646 0.03529411764705882
0 0.7209558823529412 0.27581699346405225 0.008088235294117646 0.03137254901960784
0 0.7397058823529412 0.2875816993464052 0.008823529411764706 0.0392156862745098
0 0.7477941176470588 0.28431372549019607 0.0058823529411764705 0.03529411764705882
0 0.7334558823529411 0.27777777777777773 0.008088235294117646 0.03790849673202614
0 0.7077205882352942 0.2633986928104575 0.006617647058823529 0.03790849673202614
0 0.6816176470588236 0.25620915032679736 0.010294117647058823 0.03398692810457516
0 0.7422794117647059 0.3326797385620915 0.008088235294117646 0.03529411764705882
1 0.6985294117647058 0.3803921568627451 0.008823529411764706 0.03398692810457516
3 0.20551470588235293 0.16470588235294117 0.021323529411764706 0.03398692810457516
3 0.1988970588235294 0.12483660130718953 0.019852941176470587 0.02222222222222222
1 0.4963235294117647 0.3006535947712418 0.011764705882352941 0.03137254901960784
9 0.7761029411764706 0.3627450980392157 0.013970588235294117 0.03006535947712418
0 0.5720588235294117 0.2764705882352941 0.010294117647058823 0.03006535947712418
0 0.5305147058823529 0.21241830065359477 0.008088235294117646 0.03006535947712418
