1 0.044270833333333336 0.2351851851851852 0.015625 0.03333333333333333
0 0.05625 0.09907407407407408 0.010416666666666666 0.03888888888888889
1 0.18177083333333333 0.1537037037037037 0.013541666666666667 0.02592592592592593
0 0.20520833333333333 0.16666666666666669 0.010416666666666666 0.037037037037037035
1 0.21145833333333333 0.1675925925925926 0.00625 0.024074074074074074
1 0.21562499999999998 0.17037037037037037 0.008333333333333333 0.022222222222222223
0 0.22135416666666666 0.16944444444444445 0.005208333333333333 0.020370370370370372
1 0.10989583333333333 0.4898148148148148 0.021875 0.05
1 0.6848958333333334 0.42129629629629634 0.02395833333333333 0.05
0 0.24427083333333333 0.20092592592592592 0.009375 0.03888888888888889
0 0.31875 0.2574074074074074 0.010416666666666666 0.040740740740740744
1 0.24583333333333332 0.412962962962963 0.022916666666666665 0.037037037037037035
0 0.3807291666666667 0.3564814814814815 0.009375 0.04259259259259259
0 0.3885416666666667 0.32685185185185184 0.010416666666666666 0.0462962962962963
1 0.3833333333333333 0.34444444444444444 0.0125 0.04814814814814815
1 0.39739583333333334 0.34351851851851856 0.011458333333333333 0.05
1 0.403125 0.35185185185185186 0.01875 0.040740740740740744
0 0.4083333333333333 0.35000000000000003 0.008333333333333333 0.044444444444444446
0 0.2869791666666667 0.1675925925925926 0.011458333333333333 0.0462962962962963
0 0.240625 0.09444444444444444 0.010416666666666666 0.040740740740740744
0 0.3015625 0.13148148148148148 0.007291666666666667 0.044444444444444446
0 0.3177083333333333 0.13611111111111113 0.010416666666666666 0.03888888888888889
1 0.5546875 0.26666666666666666 0.013541666666666667 0.044444444444444446
0 0.8010416666666667 0.30462962962962964 0.010416666666666666 0.053703703703703705
1 0.7895833333333333 0.28611111111111115 0.008333333333333333 0.03518518518518519
1 0.6546875 0.30648148148148147 0.011458333333333333 0.03518518518518519
