1 0.5645833333333333 0.45462962962962966 0.020833333333333332 0.053703703703703705
1 0.5552083333333333 0.41481481481481486 0.01875 0.040740740740740744
9 0.553125 0.42685185185185187 0.022916666666666665 0.053703703703703705
2 0.6427083333333333 0.3148148148148148 0.014583333333333334 0.05185185185185186
0 0.6010416666666667 0.40370370370370373 0.0125 0.05185185185185186
0 0.6041666666666666 0.28703703703703703 0.0125 0.05185185185185186
0 0.628125 0.2611111111111111 0.0125 0.044444444444444446
0 0.6364583333333333 0.2611111111111111 0.0125 0.044444444444444446
9 0.6421875 0.2638888888888889 0.013541666666666667 0.031481481481481485
0 0.6755208333333333 0.18055555555555555 0.009375 0.024074074074074074
0 0.7572916666666667 0.225 0.010416666666666666 0.02777777777777778
0 0.7869791666666667 0.2425925925925926 0.011458333333333333 0.02592592592592593
0 0.7890625 0.23796296296296296 0.011458333333333333 0.03518518518518519
1 0.8911458333333333 0.30092592592592593 0.019791666666666666 0.024074074074074074
9 0.8651041666666667 0.2953703703703704 0.021875 0.04259259259259259
