0 0.27265625 0.0699074074074074 0.0067708333333333336 0.021296296296296296
0 0.53671875 0.02592592592592593 0.0046875 0.022222222222222223
0 0.5010416666666666 0.03796296296296296 0.005208333333333333 0.020370370370370372
0 0.5182291666666666 0.05740740740740741 0.004166666666666667 0.022222222222222223
0 0.50390625 0.07222222222222223 0.0046875 0.022222222222222223
7 0.51015625 0.05 0.011979166666666666 0.020370370370370372
1 0.63125 0.5967592592592593 0.013541666666666667 0.026851851851851852
0 0.44609375 0.2865740740740741 0.0036458333333333334 0.02314814814814815
0 0.4513020833333333 0.29583333333333334 0.0046875 0.019444444444444445
0 0.4231770833333333 0.24722222222222223 0.0078125 0.022222222222222223
9 0.31796875 0.09907407407407408 0.0109375 0.018518518518518517
9 0.309375 0.11388888888888889 0.00625 0.020370370370370372
1 0.30963541666666666 0.10740740740740741 0.005729166666666666 0.022222222222222223
0 0.2986979166666667 0.1300925925925926 0.0067708333333333336 0.025
0 0.28802083333333334 0.13703703703703704 0.00625 0.02592592592592593
9 0.38385416666666666 0.09953703703703703 0.009375 0.019444444444444445
0 0.40963541666666664 0.19444444444444445 0.005729166666666666 0.02592592592592593
0 0.43828125 0.17731481481481481 0.0046875 0.026851851851851852
0 0.4270833333333333 0.17222222222222222 0.008333333333333333 0.02592592592592593
0 0.4192708333333333 0.1638888888888889 0.003125 0.02592592592592593
9 0.30625 0.17037037037037037 0.007291666666666667 0.020370370370370372
1 0.3067708333333333 0.16666666666666669 0.005208333333333333 0.022222222222222223
9 0.30026041666666664 0.22037037037037038 0.0067708333333333336 0.024074074074074074
1 0.30026041666666664 0.2138888888888889 0.0078125 0.024074074074074074
0 0.6697916666666667 0.13101851851851853 0.004166666666666667 0.02314814814814815
9 0.6596354166666667 0.14537037037037037 0.008854166666666666 0.018518518518518517
0 0.6299479166666666 0.1375 0.0046875 0.025
9 0.6109375 0.1527777777777778 0.008333333333333333 0.016666666666666666
1 0.6109375 0.1476851851851852 0.00625 0.021296296296296296
9 0.5864583333333333 0.13703703703703704 0.010416666666666666 0.016666666666666666
1 0.5872395833333334 0.13148148148148148 0.005729166666666666 0.020370370370370372
0 0.465625 0.15601851851851853 0.0020833333333333333 0.012037037037037037
0 0.47031249999999997 0.15092592592592594 0.004166666666666667 0.024074074074074074
0 0.44895833333333335 0.08194444444444444 0.004166666666666667 0.02314814814814815
1 0.4440104166666667 0.08657407407407408 0.0036458333333333334 0.021296296296296296
9 0.44453125 0.09212962962962963 0.005729166666666666 0.015740740740740743
0 0.44140625 0.10138888888888889 0.0036458333333333334 0.015740740740740743
0 0.4375 0.10648148148148148 0.003125 0.012962962962962964
0 0.43515624999999997 0.10092592592592593 0.0036458333333333334 0.022222222222222223
0 0.4278645833333333 0.10833333333333334 0.0046875 0.020370370370370372
0 0.42421875 0.10462962962962963 0.0036458333333333334 0.022222222222222223
9 0.4302083333333333 0.0962962962962963 0.00625 0.016666666666666666
1 0.42890625 0.09212962962962963 0.005729166666666666 0.019444444444444445
9 0.5317708333333333 0.07777777777777778 0.00625 0.016666666666666666
2 0.5440104166666666 0.08518518518518518 0.008854166666666666 0.016666666666666666
0 0.55859375 0.07407407407407407 0.0036458333333333334 0.020370370370370372
0 0.5674479166666666 0.08888888888888889 0.0036458333333333334 0.024074074074074074
2 0.56875 0.09212962962962963 0.008333333333333333 0.017592592592592594
0 0.5533854166666666 0.10046296296296296 0.0036458333333333334 0.025
9 0.55546875 0.10416666666666667 0.009895833333333333 0.012037037037037037
0 0.5653645833333333 0.11018518518518519 0.0046875 0.02592592592592593
0 0.5690104166666666 0.11203703703703705 0.0046875 0.024074074074074074
9 0.5671875 0.1125 0.011458333333333333 0.017592592592592594
