1 0.24635416666666665 0.5481481481481482 0.019791666666666666 0.044444444444444446
1 0.3723958333333333 0.6324074074074074 0.011458333333333333 0.0462962962962963
0 0.5666666666666667 0.5481481481481482 0.016666666666666666 0.04814814814814815
1 0.26927083333333335 0.35462962962962963 0.015625 0.0462962962962963
1 0.31197916666666664 0.2240740740740741 0.019791666666666666 0.05185185185185186
1 0.30572916666666666 0.20092592592592592 0.015625 0.0462962962962963
0 0.3140625 0.18333333333333335 0.009375 0.04814814814814815
1 0.3359375 0.20925925925925926 0.013541666666666667 0.044444444444444446
0 0.3375 0.16944444444444445 0.014583333333333334 0.05
1 0.359375 0.17314814814814816 0.008333333333333333 0.03888888888888889
1 0.36822916666666666 0.1685185185185185 0.013541666666666667 0.040740740740740744
1 0.5760416666666667 0.20833333333333334 0.014583333333333334 0.053703703703703705
1 0.5755208333333334 0.21296296296296297 0.011458333333333333 0.037037037037037035
0 0.4302083333333333 0.03981481481481482 0.010416666666666666 0.053703703703703705
1 0.26875 0.23148148148148148 0.01875 0.040740740740740744
1 0.2817708333333333 0.22314814814814815 0.009375 0.05
1 0.5447916666666667 0.1537037037037037 0.014583333333333334 0.05185185185185186
