1 0.3520833333333333 0.8120370370370371 0.016666666666666666 0.053703703703703705
1 0.30885416666666665 0.8537037037037037 0.017708333333333333 0.04814814814814815
1 0.1921875 0.8 0.017708333333333333 0.04814814814814815
1 0.18177083333333333 0.725925925925926 0.013541666666666667 0.02962962962962963
0 0.17239583333333333 0.9750000000000001 0.017708333333333333 0.05
9 0.5791666666666666 0.7064814814814815 0.022916666666666665 0.04259259259259259
9 0.5932291666666667 0.6222222222222222 0.030208333333333334 0.03333333333333333
4 0.5447916666666667 0.5259259259259259 0.025 0.04814814814814815
4 0.5416666666666666 0.5018518518518519 0.020833333333333332 0.037037037037037035
9 0.027604166666666666 0.6222222222222222 0.017708333333333333 0.03333333333333333
9 0.03229166666666666 0.6018518518518519 0.020833333333333332 0.02962962962962963
9 0.12604166666666666 0.6453703703703704 0.027083333333333334 0.03518518518518519
1 0.1265625 0.6314814814814815 0.015625 0.040740740740740744
1 0.1125 0.5842592592592593 0.0125 0.031481481481481485
1 0.10729166666666666 0.6046296296296296 0.0125 0.031481481481481485
1 0.11458333333333333 0.6027777777777777 0.008333333333333333 0.024074074074074074
0 0.15052083333333333 0.5481481481481482 0.013541666666666667 0.040740740740740744
0 0.13541666666666666 0.5203703703703704 0.008333333333333333 0.040740740740740744
0 0.14114583333333333 0.5157407407407407 0.007291666666666667 0.04259259259259259
1 0.16614583333333333 0.5287037037037037 0.011458333333333333 0.031481481481481485
0 0.3765625 0.5046296296296297 0.007291666666666667 0.031481481481481485
9 0.425 0.4861111111111111 0.00625 0.024074074074074074
1 0.42552083333333335 0.4740740740740741 0.007291666666666667 0.022222222222222223
3 0.4046875 0.44074074074074077 0.02395833333333333 0.037037037037037035
3 0.4088541666666667 0.3888888888888889 0.019791666666666666 0.03333333333333333
3 0.4161458333333333 0.375 0.015625 0.024074074074074074
9 0.4822916666666667 0.47685185185185186 0.008333333333333333 0.024074074074074074
1 0.4822916666666667 0.4712962962962963 0.010416666666666666 0.024074074074074074
0 0.5140625 0.44722222222222224 0.007291666666666667 0.031481481481481485
0 0.5177083333333333 0.4462962962962963 0.00625 0.02962962962962963
3 0.5296875 0.4185185185185185 0.017708333333333333 0.02592592592592593
3 0.5098958333333333 0.4064814814814815 0.017708333333333333 0.031481481481481485
0 0.4979166666666667 0.4027777777777778 0.00625 0.02777777777777778
3 0.5067708333333333 0.3740740740740741 0.011458333333333333 0.022222222222222223
1 0.4296875 0.4287037037037037 0.005208333333333333 0.020370370370370372
2 0.4302083333333333 0.44074074074074077 0.00625 0.022222222222222223
7 0.4322916666666667 0.40925925925925927 0.008333333333333333 0.02962962962962963
0 0.4401041666666667 0.3703703703703704 0.005208333333333333 0.02592592592592593
3 0.4322916666666667 0.34351851851851856 0.014583333333333334 0.024074074074074074
7 0.4328125 0.362962962962963 0.009375 0.02962962962962963
3 0.45260416666666664 0.3842592592592593 0.017708333333333333 0.02777777777777778
