1 0.39375 0.725925925925926 0.0125 0.040740740740740744
2 0.3958333333333333 0.7361111111111112 0.010416666666666666 0.053703703703703705
1 0.4244791666666667 0.7268518518518519 0.015625 0.0462962962962963
1 0.4244791666666667 0.7212962962962963 0.017708333333333333 0.0462962962962963
0 0.40625 0.6833333333333333 0.010416666666666666 0.05185185185185186
0 0.4161458333333333 0.6759259259259259 0.011458333333333333 0.05185185185185186
9 0.47031249999999997 0.6462962962962964 0.011458333333333333 0.040740740740740744
1 0.47031249999999997 0.6398148148148148 0.015625 0.03888888888888889
9 0.5322916666666666 0.5518518518518519 0.010416666666666666 0.03333333333333333
1 0.5322916666666666 0.5444444444444445 0.010416666666666666 0.02962962962962963
0 0.42604166666666665 0.5972222222222222 0.008333333333333333 0.05
3 0.42135416666666664 0.525 0.028125 0.05
9 0.45729166666666665 0.48333333333333334 0.010416666666666666 0.03333333333333333
1 0.45729166666666665 0.4712962962962963 0.010416666666666666 0.024074074074074074
3 0.47760416666666666 0.46296296296296297 0.019791666666666666 0.040740740740740744
9 0.21927083333333333 0.6231481481481481 0.028125 0.03888888888888889
0 0.203125 0.5944444444444444 0.0125 0.044444444444444446
1 0.12864583333333332 0.575925925925926 0.011458333333333333 0.02592592592592593
1 0.1421875 0.5666666666666667 0.015625 0.02962962962962963
9 0.5182291666666666 0.513888888888889 0.007291666666666667 0.02777777777777778
1 0.5192708333333333 0.5074074074074074 0.009375 0.02592592592592593
9 0.5046875 0.44537037037037036 0.009375 0.024074074074074074
1 0.5046875 0.43703703703703706 0.009375 0.018518518518518517
9 0.49947916666666664 0.40555555555555556 0.007291666666666667 0.018518518518518517
1 0.4984375 0.4 0.007291666666666667 0.018518518518518517
9 0.46510416666666665 0.4361111111111111 0.007291666666666667 0.024074074074074074
1 0.4635416666666667 0.42592592592592593 0.008333333333333333 0.018518518518518517
0 0.4552083333333333 0.42129629629629634 0.008333333333333333 0.02777777777777778
3 0.43124999999999997 0.4425925925925926 0.020833333333333332 0.037037037037037035
0 0.4630208333333333 0.39166666666666666 0.007291666666666667 0.02777777777777778
0 0.46822916666666664 0.37962962962962965 0.005208333333333333 0.022222222222222223
9 0.45625 0.3861111111111111 0.008333333333333333 0.020370370370370372
1 0.4552083333333333 0.37777777777777777 0.00625 0.014814814814814815
