1 0.75 0.6175925925925926 0.025 0.0462962962962963
1 0.7182291666666667 0.46481481481481485 0.017708333333333333 0.02962962962962963
0 0.9562499999999999 0.4861111111111111 0.010416666666666666 0.053703703703703705
1 0.9307291666666666 0.4851851851851852 0.013541666666666667 0.04814814814814815
1 0.8640625 0.42685185185185187 0.011458333333333333 0.024074074074074074
1 0.2765625 0.46944444444444444 0.017708333333333333 0.04259259259259259
1 0.26510416666666664 0.4675925925925926 0.011458333333333333 0.0462962962962963
0 0.12447916666666667 0.4620370370370371 0.013541666666666667 0.0462962962962963
0 0.11510416666666666 0.46574074074074073 0.009375 0.031481481481481485
0 0.09635416666666667 0.4398148148148148 0.011458333333333333 0.0462962962962963
0 0.10989583333333333 0.4398148148148148 0.009375 0.0462962962962963
0 0.14791666666666667 0.4361111111111111 0.014583333333333334 0.0462962962962963
0 0.1625 0.42314814814814816 0.014583333333333334 0.04259259259259259
0 0.171875 0.425 0.010416666666666666 0.05
1 0.18645833333333334 0.44351851851851853 0.014583333333333334 0.03888888888888889
1 0.20885416666666667 0.4638888888888889 0.015625 0.031481481481481485
0 0.21145833333333333 0.42962962962962964 0.014583333333333334 0.044444444444444446
0 0.20364583333333333 0.4277777777777778 0.015625 0.04814814814814815
0 0.225 0.41944444444444445 0.0125 0.0462962962962963
0 0.21822916666666667 0.4175925925925926 0.009375 0.04259259259259259
0 0.17708333333333334 0.4166666666666667 0.010416666666666666 0.044444444444444446
0 0.29635416666666664 0.4425925925925926 0.009375 0.05185185185185186
0 0.2833333333333333 0.4444444444444445 0.008333333333333333 0.05185185185185186
0 0.26510416666666664 0.4462962962962963 0.009375 0.05185185185185186
1 0.2895833333333333 0.43333333333333335 0.0125 0.03333333333333333
1 0.28125 0.4305555555555556 0.008333333333333333 0.02777777777777778
0 0.3703125 0.3740740740740741 0.009375 0.02592592592592593
0 0.3520833333333333 0.4083333333333333 0.010416666666666666 0.03888888888888889
1 0.3307291666666667 0.42962962962962964 0.017708333333333333 0.02592592592592593
1 0.36875 0.4314814814814815 0.014583333333333334 0.022222222222222223
1 0.3578125 0.4287037037037037 0.013541666666666667 0.020370370370370372
1 0.3286458333333333 0.4175925925925926 0.015625 0.020370370370370372
0 0.5484375 0.45462962962962966 0.011458333333333333 0.053703703703703705
0 0.5572916666666666 0.4342592592592593 0.00625 0.04259259259259259
0 0.45208333333333334 0.4462962962962963 0.010416666666666666 0.05185185185185186
0 0.5552083333333333 0.3944444444444445 0.010416666666666666 0.040740740740740744
1 0.3963541666666667 0.4240740740740741 0.015625 0.02962962962962963
0 0.40260416666666665 0.39814814814814814 0.011458333333333333 0.040740740740740744
0 0.3677083333333333 0.39351851851851855 0.010416666666666666 0.03888888888888889
0 0.4166666666666667 0.4064814814814815 0.0125 0.04259259259259259
0 0.44166666666666665 0.4101851851851852 0.0125 0.0462962962962963
0 0.4557291666666667 0.3990740740740741 0.009375 0.04259259259259259
0 0.46510416666666665 0.38981481481481484 0.011458333333333333 0.04259259259259259
0 0.44895833333333335 0.38796296296296295 0.010416666666666666 0.04259259259259259
0 0.42864583333333334 0.39166666666666666 0.009375 0.03888888888888889
0 0.4140625 0.3824074074074074 0.009375 0.03888888888888889
