0 0.23984375 0.987962962962963 0.0140625 0.024074074074074074
9 0.33359375 0.17962962962962964 0.009895833333333333 0.024074074074074074
1 0.334375 0.17222222222222222 0.007291666666666667 0.022222222222222223
7 0.34375 0.08935185185185185 0.009375 0.021296296296296296
9 0.32734375 0.13425925925925927 0.013020833333333334 0.016666666666666666
9 0.328125 0.1375 0.010416666666666666 0.019444444444444445
0 0.4315104166666667 0.01388888888888889 0.0026041666666666665 0.016666666666666666
3 0.4231770833333333 0.05694444444444444 0.013020833333333334 0.02314814814814815
9 0.45546875 0.4027777777777778 0.0067708333333333336 0.024074074074074074
1 0.45546875 0.3893518518518519 0.0078125 0.026851851851851852
1 0.44375 0.4240740740740741 0.008333333333333333 0.024074074074074074
9 0.45338541666666665 0.31712962962962965 0.0067708333333333336 0.02314814814814815
1 0.45338541666666665 0.30462962962962964 0.0067708333333333336 0.024074074074074074
9 0.4609375 0.22037037037037038 0.007291666666666667 0.022222222222222223
1 0.46119791666666665 0.2101851851851852 0.005729166666666666 0.020370370370370372
9 0.45416666666666666 0.2550925925925926 0.007291666666666667 0.025
2 0.44427083333333334 0.25277777777777777 0.00625 0.022222222222222223
1 0.44427083333333334 0.24074074074074076 0.005208333333333333 0.020370370370370372
1 0.4536458333333333 0.24444444444444446 0.007291666666666667 0.024074074074074074
9 0.4515625 0.2087962962962963 0.00625 0.021296296296296296
1 0.4515625 0.19768518518518519 0.00625 0.021296296296296296
9 0.4908854166666667 0.24444444444444446 0.005729166666666666 0.024074074074074074
1 0.4903645833333333 0.24305555555555555 0.005729166666666666 0.019444444444444445
1 0.49114583333333334 0.2388888888888889 0.00625 0.024074074074074074
1 0.4265625 0.1736111111111111 0.007291666666666667 0.021296296296296296
9 0.45989583333333334 0.02175925925925926 0.005208333333333333 0.017592592592592594
1 0.4596354166666667 0.01712962962962963 0.0046875 0.017592592592592594
9 0.4432291666666667 0.03935185185185185 0.004166666666666667 0.015740740740740743
1 0.4432291666666667 0.03287037037037037 0.004166666666666667 0.017592592592592594
0 0.3598958333333333 0.0962962962962963 0.005208333333333333 0.024074074074074074
1 0.36432291666666666 0.10972222222222222 0.0046875 0.019444444444444445
1 0.36796875 0.1087962962962963 0.0036458333333333334 0.017592592592592594
0 0.37786458333333334 0.09907407407407408 0.0046875 0.022222222222222223
0 0.37473958333333335 0.09444444444444444 0.005729166666666666 0.02592592592592593
9 0.45416666666666666 0.059722222222222225 0.005208333333333333 0.017592592592592594
1 0.45338541666666665 0.0587962962962963 0.0036458333333333334 0.012037037037037037
1 0.4544270833333333 0.05324074074074074 0.0046875 0.01388888888888889
9 0.40625 0.12314814814814816 0.009375 0.014814814814814815
1 0.4067708333333333 0.11527777777777778 0.00625 0.019444444444444445
9 0.4109375 0.10972222222222222 0.014583333333333334 0.015740740740740743
1 0.41041666666666665 0.1050925925925926 0.005208333333333333 0.017592592592592594
9 0.4278645833333333 0.1 0.009895833333333333 0.016666666666666666
1 0.42682291666666666 0.09444444444444444 0.005729166666666666 0.018518518518518517
1 0.40729166666666666 0.09907407407407408 0.00625 0.014814814814814815
9 0.4166666666666667 0.09907407407407408 0.009375 0.014814814814814815
1 0.41640625 0.0925925925925926 0.0046875 0.016666666666666666
1 0.4484375 0.08703703703703704 0.00625 0.016666666666666666
9 0.4453125 0.12824074074074074 0.005208333333333333 0.025
1 0.44505208333333335 0.12314814814814816 0.005729166666666666 0.020370370370370372
1 0.44505208333333335 0.12037037037037038 0.005729166666666666 0.020370370370370372
