3 0.36822916666666666 0.6129629629629629 0.026041666666666668 0.05185185185185186
3 0.45729166666666665 0.6296296296296297 0.029166666666666667 0.04814814814814815
4 0.44427083333333334 0.575925925925926 0.028125 0.040740740740740744
3 0.40781249999999997 0.4916666666666667 0.013541666666666667 0.024074074074074074
3 0.384375 0.4851851851851852 0.016666666666666666 0.02592592592592593
3 0.4890625 0.5 0.011458333333333333 0.022222222222222223
3 0.4734375 0.46851851851851856 0.013541666666666667 0.022222222222222223
1 0.284375 0.7351851851851852 0.014583333333333334 0.05185185185185186
1 0.30416666666666664 0.6768518518518519 0.014583333333333334 0.03888888888888889
1 0.33229166666666665 0.6648148148148149 0.0125 0.03333333333333333
1 0.5088541666666666 0.7361111111111112 0.013541666666666667 0.0462962962962963
1 0.48072916666666665 0.700925925925926 0.011458333333333333 0.04259259259259259
1 0.5057291666666667 0.674074074074074 0.013541666666666667 0.037037037037037035
1 0.5536458333333333 0.7231481481481482 0.015625 0.04259259259259259
1 0.5286458333333334 0.7287037037037037 0.011458333333333333 0.03888888888888889
1 0.5286458333333334 0.712962962962963 0.009375 0.037037037037037035
1 0.4791666666666667 0.6574074074074074 0.008333333333333333 0.022222222222222223
1 0.48020833333333335 0.6518518518518519 0.010416666666666666 0.02592592592592593
1 0.5119791666666667 0.5648148148148149 0.009375 0.022222222222222223
1 0.48072916666666665 0.5277777777777778 0.007291666666666667 0.022222222222222223
1 0.3411458333333333 0.5851851851851853 0.009375 0.02592592592592593
9 0.4791666666666667 0.5361111111111111 0.008333333333333333 0.020370370370370372
9 0.5046875 0.6842592592592592 0.011458333333333333 0.03888888888888889
9 0.48125 0.7148148148148148 0.0125 0.040740740740740744
9 0.4796875 0.6648148148148149 0.011458333333333333 0.03333333333333333
9 0.5083333333333333 0.75 0.0125 0.04814814814814815
9 0.5270833333333333 0.7314814814814815 0.0125 0.04814814814814815
9 0.553125 0.7351851851851852 0.014583333333333334 0.044444444444444446
9 0.33489583333333334 0.6824074074074075 0.009375 0.03888888888888889
2 0.25625 0.8407407407407408 0.020833333333333332 0.04814814814814815
2 0.2598958333333333 0.8111111111111111 0.021875 0.04814814814814815
2 0.2817708333333333 0.7481481481481482 0.021875 0.040740740740740744
2 0.5114583333333333 0.5731481481481482 0.008333333333333333 0.02777777777777778
9 0.3411458333333333 0.5962962962962963 0.007291666666666667 0.02962962962962963
9 0.34739583333333335 0.5722222222222223 0.019791666666666666 0.018518518518518517
9 0.3296875 0.5472222222222223 0.015625 0.016666666666666666
9 0.3046875 0.5518518518518519 0.007291666666666667 0.022222222222222223
9 0.3020833333333333 0.5259259259259259 0.014583333333333334 0.018518518518518517
9 0.34270833333333334 0.5342592592592593 0.016666666666666666 0.012962962962962964
9 0.3807291666666667 0.5305555555555556 0.009375 0.016666666666666666
1 0.346875 0.5620370370370371 0.008333333333333333 0.020370370370370372
1 0.3046875 0.5444444444444445 0.007291666666666667 0.02592592592592593
1 0.303125 0.5175925925925926 0.00625 0.016666666666666666
1 0.34270833333333334 0.5277777777777778 0.008333333333333333 0.018518518518518517
3 0.3109375 0.4981481481481482 0.017708333333333333 0.02592592592592593
3 0.27708333333333335 0.49444444444444446 0.029166666666666667 0.02592592592592593
9 0.14010416666666667 0.5981481481481482 0.013541666666666667 0.044444444444444446
1 0.16822916666666665 0.5787037037037037 0.011458333333333333 0.024074074074074074
1 0.17760416666666667 0.5657407407407408 0.009375 0.024074074074074074
1 0.1671875 0.5638888888888889 0.009375 0.020370370370370372
1 0.1609375 0.5444444444444445 0.005208333333333333 0.014814814814814815
1 0.23854166666666665 0.5601851851851852 0.008333333333333333 0.020370370370370372
1 0.21510416666666665 0.5861111111111111 0.011458333333333333 0.02777777777777778
1 0.20520833333333333 0.5833333333333334 0.008333333333333333 0.022222222222222223
9 0.23854166666666665 0.5712962962962963 0.00625 0.024074074074074074
2 0.6348958333333333 0.8546296296296296 0.015625 0.05
1 0.0671875 0.7166666666666667 0.015625 0.04814814814814815
