1 0.3854166666666667 0.3592592592592593 0.027083333333333334 0.044444444444444446
1 0.3984375 0.35000000000000003 0.017708333333333333 0.040740740740740744
1 0.4536458333333333 0.33611111111111114 0.017708333333333333 0.0462962962962963
1 0.5229166666666667 0.3148148148148148 0.016666666666666666 0.040740740740740744
1 0.603125 0.29074074074074074 0.014583333333333334 0.037037037037037035
1 0.625 0.29444444444444445 0.016666666666666666 0.040740740740740744
0 0.8703124999999999 0.3768518518518519 0.015625 0.0462962962962963
0 0.8557291666666667 0.26296296296296295 0.015625 0.05185185185185186
1 0.9583333333333334 0.20277777777777778 0.020833333333333332 0.031481481481481485
0 0.609375 0.21203703703703705 0.016666666666666666 0.05
1 0.4583333333333333 0.26203703703703707 0.020833333333333332 0.03518518518518519
1 0.30416666666666664 0.20370370370370372 0.014583333333333334 0.02962962962962963
1 0.31666666666666665 0.20277777777777778 0.0125 0.031481481481481485
0 0.22343749999999998 0.17037037037037037 0.009375 0.05185185185185186
0 0.20625 0.14722222222222223 0.010416666666666666 0.0462962962962963
0 0.24010416666666667 0.14722222222222223 0.009375 0.053703703703703705
0 0.26197916666666665 0.17685185185185187 0.009375 0.053703703703703705
0 0.2546875 0.1564814814814815 0.007291666666666667 0.053703703703703705
0 0.2890625 0.16574074074074074 0.011458333333333333 0.053703703703703705
0 0.29635416666666664 0.15462962962962964 0.015625 0.05
0 0.32760416666666664 0.16018518518518518 0.011458333333333333 0.053703703703703705
0 0.33489583333333334 0.1537037037037037 0.011458333333333333 0.05185185185185186
0 0.36666666666666664 0.18611111111111112 0.0125 0.053703703703703705
0 0.7453125 0.16481481481481483 0.017708333333333333 0.05185185185185186
0 0.8 0.15833333333333333 0.0125 0.05
0 0.6567708333333333 0.11481481481481481 0.009375 0.040740740740740744
0 0.5822916666666667 0.1212962962962963 0.008333333333333333 0.03888888888888889
0 0.5661458333333333 0.12407407407407407 0.007291666666666667 0.02592592592592593
0 0.5546875 0.11851851851851852 0.011458333333333333 0.02962962962962963
0 0.4901041666666667 0.12037037037037038 0.009375 0.037037037037037035
0 0.49114583333333334 0.16944444444444445 0.011458333333333333 0.053703703703703705
0 0.4223958333333333 0.14166666666666666 0.009375 0.053703703703703705
0 0.41770833333333335 0.1287037037037037 0.008333333333333333 0.04259259259259259
0 0.403125 0.1287037037037037 0.008333333333333333 0.03888888888888889
0 0.3880208333333333 0.1388888888888889 0.011458333333333333 0.05185185185185186
0 0.37083333333333335 0.09814814814814815 0.010416666666666666 0.037037037037037035
1 0.38177083333333334 0.16574074074074074 0.015625 0.03518518518518519
2 0.34739583333333335 0.15925925925925927 0.015625 0.03333333333333333
0 0.35260416666666666 0.13425925925925927 0.009375 0.0462962962962963
0 0.340625 0.1287037037037037 0.010416666666666666 0.0462962962962963
0 0.16927083333333334 0.10277777777777779 0.009375 0.04259259259259259
0 0.49374999999999997 0.07685185185185185 0.00625 0.031481481481481485
0 0.4984375 0.07685185185185185 0.007291666666666667 0.031481481481481485
0 0.5166666666666666 0.06851851851851852 0.00625 0.03333333333333333
1 0.5401041666666666 0.09166666666666667 0.005208333333333333 0.016666666666666666
0 0.5432291666666667 0.075 0.009375 0.03518518518518519
1 0.5723958333333333 0.10092592592592593 0.009375 0.020370370370370372
0 0.5911458333333334 0.10833333333333334 0.007291666666666667 0.03888888888888889
1 0.6296875 0.12592592592592594 0.007291666666666667 0.014814814814814815
0 0.6421875 0.11018518518518519 0.009375 0.02777777777777778
0 0.6270833333333333 0.10648148148148148 0.008333333333333333 0.03518518518518519
0 0.5703125 0.07777777777777778 0.007291666666666667 0.03333333333333333
0 0.790625 0.12407407407407407 0.0125 0.040740740740740744
0 0.7994791666666666 0.11111111111111112 0.011458333333333333 0.037037037037037035
0 0.8692708333333333 0.1537037037037037 0.011458333333333333 0.05185185185185186
0 0.9302083333333333 0.13425925925925927 0.014583333333333334 0.03888888888888889
0 0.9671875 0.1675925925925926 0.017708333333333333 0.053703703703703705
0 0.9874999999999999 0.16111111111111112 0.014583333333333334 0.04814814814814815
0 0.9760416666666667 0.08055555555555556 0.014583333333333334 0.03518518518518519
9 0.10885416666666667 0.08703703703703704 0.015625 0.03333333333333333
9 0.05520833333333333 0.09351851851851853 0.010416666666666666 0.02777777777777778
9 0.14010416666666667 0.08796296296296297 0.009375 0.024074074074074074
