0 0.32369791666666664 0.9523148148148148 0.0109375 0.026851851851851852
2 0.6486979166666667 0.1300925925925926 0.015104166666666667 0.015740740740740743
1 0.6484375 0.11990740740740741 0.008333333333333333 0.015740740740740743
1 0.6661458333333333 0.13796296296296298 0.008333333333333333 0.018518518518518517
9 0.5971354166666667 0.11435185185185186 0.011979166666666666 0.017592592592592594
1 0.6 0.10648148148148148 0.008333333333333333 0.016666666666666666
9 0.6098958333333333 0.09814814814814815 0.010416666666666666 0.012962962962962964
1 0.61328125 0.09166666666666667 0.008854166666666666 0.014814814814814815
9 0.5393229166666667 0.22777777777777777 0.0078125 0.014814814814814815
9 0.55 0.22962962962962963 0.007291666666666667 0.012962962962962964
9 0.5598958333333334 0.23055555555555557 0.007291666666666667 0.014814814814814815
9 0.56953125 0.22731481481481483 0.005729166666666666 0.01388888888888889
9 0.57890625 0.23333333333333334 0.0067708333333333336 0.014814814814814815
1 0.5395833333333333 0.2138888888888889 0.00625 0.020370370370370372
1 0.5497395833333333 0.21574074074074076 0.0067708333333333336 0.020370370370370372
1 0.5609375 0.21805555555555556 0.00625 0.021296296296296296
1 0.5700520833333333 0.21481481481481482 0.0067708333333333336 0.020370370370370372
1 0.5796875 0.22037037037037038 0.007291666666666667 0.018518518518518517
1 0.5940104166666667 0.23842592592592593 0.0067708333333333336 0.019444444444444445
1 0.6028645833333334 0.2865740740740741 0.005729166666666666 0.017592592592592594
9 0.5927083333333333 0.25462962962962965 0.007291666666666667 0.012962962962962964
9 0.5765625 0.27731481481481485 0.00625 0.017592592592592594
9 0.58203125 0.31712962962962965 0.0067708333333333336 0.017592592592592594
9 0.6010416666666667 0.3013888888888889 0.007291666666666667 0.017592592592592594
9 0.5138020833333333 0.23842592592592593 0.009895833333333333 0.021296296296296296
1 0.51484375 0.22546296296296298 0.0067708333333333336 0.015740740740740743
0 0.45625 0.35833333333333334 0.004166666666666667 0.016666666666666666
1 0.5578125 0.35462962962962963 0.008333333333333333 0.022222222222222223
1 0.53671875 0.3402777777777778 0.0067708333333333336 0.019444444444444445
1 0.53515625 0.35000000000000003 0.008854166666666666 0.020370370370370372
1 0.5739583333333333 0.34814814814814815 0.007291666666666667 0.020370370370370372
1 0.57734375 0.3824074074074074 0.0109375 0.022222222222222223
9 0.57890625 0.3995370370370371 0.008854166666666666 0.017592592592592594
9 0.5734375 0.36342592592592593 0.007291666666666667 0.012037037037037037
0 0.5572916666666666 0.11157407407407408 0.007291666666666667 0.025
0 0.5700520833333333 0.08518518518518518 0.0078125 0.02592592592592593
0 0.47630208333333335 0.10833333333333334 0.005729166666666666 0.024074074074074074
1 0.4796875 0.12962962962962962 0.005208333333333333 0.018518518518518517
9 0.4791666666666667 0.13472222222222222 0.0125 0.015740740740740743
1 0.4661458333333333 0.1375 0.00625 0.015740740740740743
9 0.4653645833333333 0.1449074074074074 0.0078125 0.021296296296296296
1 0.5098958333333333 0.07407407407407407 0.005208333333333333 0.022222222222222223
9 0.5098958333333333 0.07916666666666666 0.004166666666666667 0.015740740740740743
9 0.5815104166666667 0.07175925925925926 0.013020833333333334 0.015740740740740743
1 0.590625 0.0787037037037037 0.005208333333333333 0.016666666666666666
9 0.5903645833333333 0.08287037037037037 0.009895833333333333 0.015740740740740743
