9 0.46770833333333334 0.6277777777777778 0.010416666666666666 0.037037037037037035
9 0.4401041666666667 0.562962962962963 0.007291666666666667 0.02592592592592593
1 0.4401041666666667 0.5509259259259259 0.009375 0.03518518518518519
0 0.55625 0.512962962962963 0.010416666666666666 0.037037037037037035
1 0.5546875 0.5324074074074074 0.009375 0.02777777777777778
2 0.5557291666666666 0.5435185185185185 0.007291666666666667 0.024074074074074074
6 0.5291666666666667 0.5259259259259259 0.010416666666666666 0.02592592592592593
1 0.528125 0.5157407407407407 0.0125 0.031481481481481485
1 0.5203125 0.5027777777777778 0.009375 0.020370370370370372
1 0.5213541666666667 0.49722222222222223 0.011458333333333333 0.03518518518518519
9 0.5213541666666667 0.5055555555555555 0.013541666666666667 0.02962962962962963
9 0.5015625 0.48055555555555557 0.009375 0.031481481481481485
1 0.5020833333333333 0.4740740740740741 0.010416666666666666 0.02592592592592593
9 0.47031249999999997 0.4935185185185185 0.009375 0.024074074074074074
1 0.46979166666666666 0.4851851851851852 0.010416666666666666 0.02592592592592593
3 0.4395833333333333 0.4898148148148148 0.025 0.03888888888888889
0 0.5182291666666666 0.3351851851851852 0.005208333333333333 0.018518518518518517
9 0.49583333333333335 0.35833333333333334 0.004166666666666667 0.016666666666666666
1 0.4953125 0.35555555555555557 0.005208333333333333 0.014814814814814815
1 0.5229166666666667 0.3666666666666667 0.004166666666666667 0.014814814814814815
9 0.5229166666666667 0.3712962962962963 0.004166666666666667 0.012962962962962964
1 0.5333333333333333 0.35185185185185186 0.00625 0.018518518518518517
2 0.48593749999999997 0.3675925925925926 0.005208333333333333 0.016666666666666666
1 0.48593749999999997 0.36203703703703705 0.005208333333333333 0.020370370370370372
0 0.4927083333333333 0.33240740740740743 0.004166666666666667 0.016666666666666666
3 0.46510416666666665 0.31203703703703706 0.015625 0.016666666666666666
7 0.5005208333333333 0.3138888888888889 0.007291666666666667 0.020370370370370372
3 0.48020833333333335 0.32037037037037036 0.0125 0.018518518518518517
0 0.4796875 0.325 0.003125 0.020370370370370372
3 0.4921875 0.29074074074074074 0.009375 0.014814814814814815
9 0.5307291666666667 0.4712962962962963 0.007291666666666667 0.020370370370370372
1 0.5296875 0.4638888888888889 0.009375 0.024074074074074074
0 0.3359375 0.3111111111111111 0.003125 0.014814814814814815
0 0.3385416666666667 0.3111111111111111 0.004166666666666667 0.014814814814814815
0 0.2947916666666667 0.36574074074074076 0.004166666666666667 0.020370370370370372
0 0.3 0.3666666666666667 0.004166666666666667 0.022222222222222223
0 0.296875 0.3611111111111111 0.004166666666666667 0.018518518518518517
0 0.3453125 0.33796296296296297 0.003125 0.016666666666666666
0 0.3385416666666667 0.36203703703703705 0.004166666666666667 0.020370370370370372
0 0.340625 0.2990740740740741 0.004166666666666667 0.016666666666666666
0 0.3541666666666667 0.2972222222222222 0.004166666666666667 0.016666666666666666
0 0.34791666666666665 0.2935185185185185 0.004166666666666667 0.016666666666666666
0 0.35625 0.28055555555555556 0.0020833333333333333 0.012962962962962964
0 0.25677083333333334 0.2962962962962963 0.003125 0.014814814814814815
0 0.2640625 0.3212962962962963 0.003125 0.020370370370370372
