9 0.3013020833333333 0.5435185185185185 0.0046875 0.020370370370370372
1 0.30104166666666665 0.5444444444444445 0.005208333333333333 0.012962962962962964
2 0.24895833333333334 0.1587962962962963 0.003125 0.019444444444444445
2 0.24921875 0.19675925925925927 0.0046875 0.017592592592592594
3 0.3828125 0.012962962962962964 0.0125 0.024074074074074074
0 0.42890625 0.017592592592592594 0.0036458333333333334 0.014814814814814815
0 0.42864583333333334 0.008796296296296297 0.004166666666666667 0.015740740740740743
9 0.4674479166666667 0.015277777777777779 0.0036458333333333334 0.01388888888888889
1 0.46796875 0.010185185185185186 0.0036458333333333334 0.014814814814814815
0 0.47734375 0.04583333333333334 0.0026041666666666665 0.017592592592592594
0 0.48046875 0.04537037037037037 0.0036458333333333334 0.016666666666666666
0 0.48723958333333334 0.04120370370370371 0.0036458333333333334 0.019444444444444445
0 0.4864583333333333 0.12361111111111112 0.005208333333333333 0.017592592592592594
0 0.39010416666666664 0.8875000000000001 0.004166666666666667 0.012037037037037037
0 0.3880208333333333 0.8166666666666667 0.004166666666666667 0.012962962962962964
9 0.4109375 0.487962962962963 0.0125 0.011111111111111112
1 0.41041666666666665 0.48703703703703705 0.00625 0.009259259259259259
0 0.39947916666666666 0.42314814814814816 0.005208333333333333 0.011111111111111112
2 0.31328125 0.38333333333333336 0.0046875 0.018518518518518517
1 0.31276041666666665 0.3805555555555556 0.0046875 0.011111111111111112
0 0.3026041666666667 0.31527777777777777 0.005208333333333333 0.015740740740740743
1 0.29635416666666664 0.27314814814814814 0.005208333333333333 0.014814814814814815
9 0.29661458333333335 0.27685185185185185 0.0067708333333333336 0.014814814814814815
0 0.29609375 0.2935185185185185 0.005729166666666666 0.012962962962962964
9 0.29661458333333335 0.2972222222222222 0.0067708333333333336 0.018518518518518517
9 0.49973958333333335 0.08425925925925926 0.008854166666666666 0.011111111111111112
2 0.5057291666666667 0.12453703703703704 0.010416666666666666 0.010185185185185186
9 0.49114583333333334 0.22962962962962963 0.005208333333333333 0.020370370370370372
9 0.496875 0.32731481481481484 0.008333333333333333 0.01388888888888889
9 0.4986979166666667 0.33611111111111114 0.0109375 0.014814814814814815
2 0.48828125 0.3763888888888889 0.009895833333333333 0.012037037037037037
2 0.4921875 0.3888888888888889 0.004166666666666667 0.016666666666666666
9 0.48203124999999997 0.3962962962962963 0.009895833333333333 0.012962962962962964
1 0.48385416666666664 0.3912037037037037 0.00625 0.012037037037037037
0 0.5190104166666667 0.8037037037037037 0.005729166666666666 0.009259259259259259
0 0.5205729166666666 0.7810185185185186 0.0036458333333333334 0.010185185185185186
0 0.52734375 0.787962962962963 0.0036458333333333334 0.007407407407407408
9 0.5080729166666667 0.7199074074074074 0.0046875 0.025
1 0.5083333333333333 0.7194444444444444 0.004166666666666667 0.011111111111111112
0 0.5486979166666667 0.7351851851851852 0.0036458333333333334 0.009259259259259259
0 0.5572916666666666 0.7291666666666667 0.004166666666666667 0.010185185185185186
0 0.9765625 0.5069444444444444 0.00625 0.01388888888888889
0 0.6768229166666666 0.6333333333333333 0.0036458333333333334 0.007407407407407408
0 0.6864583333333333 0.6273148148148149 0.005208333333333333 0.010185185185185186
0 0.53828125 0.9435185185185185 0.0046875 0.012962962962962964
0 0.5424479166666667 0.9537037037037037 0.0036458333333333334 0.009259259259259259
0 0.62578125 0.6370370370370371 0.0036458333333333334 0.009259259259259259
0 0.63125 0.6310185185185185 0.005208333333333333 0.008333333333333333
0 0.50546875 0.28611111111111115 0.0046875 0.009259259259259259
0 0.5078125 0.39722222222222225 0.004166666666666667 0.011111111111111112
0 0.5080729166666667 0.4115740740740741 0.0036458333333333334 0.012037037037037037
0 0.5130208333333334 0.40555555555555556 0.004166666666666667 0.014814814814814815
0 0.5122395833333333 0.4175925925925926 0.0036458333333333334 0.011111111111111112
1 0.5169270833333334 0.4416666666666667 0.005729166666666666 0.014814814814814815
9 0.51640625 0.44074074074074077 0.0109375 0.009259259259259259
0 0.53515625 0.4800925925925926 0.0036458333333333334 0.012037037037037037
0 0.4809895833333333 0.5199074074074074 0.0036458333333333334 0.010185185185185186
0 0.4783854166666667 0.5055555555555555 0.0036458333333333334 0.011111111111111112
0 0.4830729166666667 0.5106481481481482 0.0036458333333333334 0.012037037037037037
0 0.48828125 0.4726851851851852 0.0046875 0.01388888888888889
0 0.4861979166666667 0.48842592592592593 0.0046875 0.01388888888888889
1 0.49635416666666665 0.49259259259259264 0.005208333333333333 0.011111111111111112
2 0.5153645833333333 0.500925925925926 0.0109375 0.011111111111111112
9 0.52734375 0.5046296296296297 0.0046875 0.020370370370370372
3 0.49895833333333334 0.47453703703703703 0.005208333333333333 0.010185185185185186
1 0.4981770833333333 0.46296296296296297 0.005729166666666666 0.012962962962962964
9 0.49765624999999997 0.4638888888888889 0.0078125 0.014814814814814815
9 0.471875 0.5268518518518519 0.005208333333333333 0.022222222222222223
0 0.43697916666666664 0.6273148148148149 0.005208333333333333 0.012037037037037037
2 0.42916666666666664 0.6768518518518519 0.0125 0.011111111111111112
1 0.4283854166666667 0.6759259259259259 0.0067708333333333336 0.011111111111111112
