1 0.3703125 0.4222222222222222 0.019791666666666666 0.05185185185185186
1 0.38645833333333335 0.43333333333333335 0.0125 0.044444444444444446
1 0.384375 0.27222222222222225 0.020833333333333332 0.05185185185185186
1 0.41510416666666666 0.2675925925925926 0.007291666666666667 0.02777777777777778
1 0.41822916666666665 0.27314814814814814 0.011458333333333333 0.02777777777777778
1 0.42552083333333335 0.27222222222222225 0.009375 0.03333333333333333
1 0.4328125 0.27685185185185185 0.011458333333333333 0.03888888888888889
0 0.7098958333333333 0.02592592592592593 0.013541666666666667 0.05185185185185186
1 0.5052083333333334 0.04537037037037037 0.0125 0.0462962962962963
0 0.45208333333333334 0.03425925925925926 0.010416666666666666 0.053703703703703705
0 0.40520833333333334 0.04537037037037037 0.0125 0.05
9 0.39947916666666666 0.026851851851851852 0.021875 0.05
0 0.2583333333333333 0.03518518518518519 0.0125 0.05185185185185186
1 0.25416666666666665 0.04351851851851852 0.010416666666666666 0.03518518518518519
